1242899739	94502966	95158332
1242899759	94502966	95158332
1242900099	94502966	95158332
1242900219	94502966	95158332
1242900499	94502966	95158332
1242900519	94502966	95158332
1242900579	84410429	104792134
1242900699	94502966	95158332
1242901179	84410429	104792134
1242901379	84410429	104792134
1242901399	84410429	104792134
1242901459	84410429	104792134
1242901519	84410429	104792134
1242901619	84410429	104792134
1242901679	90636341	74580006
1242901739	90636341	74580006
1242901739	84410429	104792134
1242901759	90636341	74580006
1242901759	84410429	104792134
1242901779	84410429	104792134
1242901799	84410429	104792134
1242901839	90636341	74580006
1242901859	94502966	95158332
1242901919	78839875	102694975
1242901939	78839875	102694975
1242901959	90636341	74580006
1242901959	78839875	102694975
1242901979	90636341	74580006
1242901999	90636341	74580006
1242901999	84410429	104792134
1242902019	90636341	74580006
1242902019	84410429	104792134
1242902039	90636341	74580006
1242902039	84410429	104792134
1242902039	78839875	102694975
1242902059	84410429	104792134
1242902099	84410429	104792134
1242902119	84410429	104792134
1242902139	90636341	74580006
1242902139	84410429	104792134
1242902159	90636341	74580006
1242902179	84410429	104792134
1242902359	94502966	95158332
1242902379	84410429	104792134
1242902439	78839875	102694975
1242902459	78839875	102694975
1242902479	78839875	102694975
1242902499	78839875	102694975
1242902559	78839875	102694975
1242902619	78839875	102694975
1242902659	90636341	74580006
1242902659	78839875	102694975
1242902699	90636341	74580006
1242902699	78839875	102694975
1242902719	90636341	74580006
1242902719	78839875	102694975
1242902739	78839875	102694975
1242902759	78839875	102694975
1242902779	90636341	74580006
1242902799	90636341	74580006
1242902819	90636341	74580006
1242902819	78839875	102694975
1242902859	94502966	95158332
1242902859	84410429	104792134
1242902899	78839875	102694975
1242902919	78839875	102694975
1242902939	78839875	102694975
1242902959	78839875	102694975
1242903099	102694975	78839875
1242903119	78839875	102694975
1242903159	78839875	102694975
1242903199	78839875	102694975
1242903219	78839875	102694975
1242903239	84410429	104792134
1242903239	78839875	102694975
1242903259	90636341	74580006
1242903259	84410429	104792134
1242903259	78839875	102694975
1242903279	78839875	102694975
1242903319	78839875	102694975
1242903359	78839875	102694975
1242903379	78839875	102694975
1242903399	78839875	102694975
1242903519	78839875	102694975
1242903539	90636341	74580006
1242903559	78839875	102694975
1242903619	78839875	102694975
1242903699	95158333	86966337
1242903719	84410429	104792134
1242903759	95158333	86966337
1242903779	78839875	102694975
1242903799	78839875	102694975
1242903819	78839875	102694975
1242903839	78839875	102694975
1242903859	78839875	102694975
1242903879	95158333	86966337
1242903879	78839875	102694975
1242903899	95158333	86966337
1242903899	78839875	102694975
1242903919	78839875	102694975
1242903939	90636341	74580006
1242903939	78839875	102694975
1242903959	78839875	102694975
1242903979	78839875	102694975
1242903999	94502967	84410430
1242903999	84410430	104792135
1242904039	94502967	84410430
1242904039	94502967	104792135
1242904039	84410430	104792135
1242904039	78839875	102694975
1242904059	95158333	86966337
1242904139	94502967	104792135
1242904139	79953929	86966337
1242904139	95158333	86966337
1242904159	95158333	86966337
1242904159	78839875	102694975
1242904179	78839875	102694975
1242904199	84410430	104792135
1242904199	78839875	102694975
1242904219	78839875	102694975
1242904239	78839875	102694975
1242904259	78839875	102694975
1242904279	90636341	74580006
1242904299	90636341	74580006
1242904299	95158333	86966337
1242904339	90636341	74580006
1242904379	90636341	74580006
1242904459	78839875	102694975
1242904479	94502967	84410430
1242904499	78839875	102694975
1242904519	78839875	102694975
1242904679	90636341	74580006
1242904679	95158333	86966337
1242904739	95158333	86966337
1242904739	78839875	102694975
1242904759	90636341	74580006
1242904759	78839875	102694975
1242904779	84410430	104792135
1242904779	95158333	86966337
1242904779	78839875	102694975
1242904799	84410430	104792135
1242904839	90636341	74580006
1242904839	78839875	102694975
1242904859	78839875	102694975
1242904879	94502967	84410430
1242904879	94502967	104792135
1242904879	90636341	74580006
1242904879	84410430	104792135
1242904879	78839875	102694975
1242904899	84410430	104792135
1242904899	78839875	102694975
1242904919	90636341	74580006
1242904919	78839875	102694975
1242904939	84410430	104792135
1242904939	78839875	102694975
1242904959	90636341	74580006
1242904959	78839875	102694975
1242904979	90636341	74580006
1242904979	78839875	102694975
1242904999	90636341	74580006
1242904999	78839875	102694975
1242905019	90636341	74580006
1242905019	84410430	104792135
1242905019	95158333	86966337
1242905019	78839875	102694975
1242905039	90636341	74580006
1242905059	90636341	74580006
1242905059	84410430	104792135
1242905079	90636341	74580006
1242905079	78839875	102694975
1242905099	90636341	74580006
1242905099	78839875	102694975
1242905119	90636341	74580006
1242905139	90636341	74580006
1242905159	90636341	74580006
1242905199	94502967	84410430
1242905199	94502967	104792135
1242905199	84410430	104792135
1242905239	95158333	86966337
1242905279	95158333	86966337
1242905339	95158333	86966337
1242905359	95158333	86966337
1242905379	95158333	86966337
1242905419	95158333	86966337
1242905439	94502967	84410430
1242905439	90636341	74580006
1242905439	95158333	86966337
1242905459	90636341	74580006
1242905459	84410430	104792135
1242905459	95158333	86966337
1242905479	90636341	74580006
1242905499	90636341	74580006
1242905499	95158333	86966337
1242905519	90636341	74580006
1242905539	90636341	74580006
1242905539	95158333	86966337
1242905659	95158333	86966337
1242905679	95158333	86966337
1242905739	84410430	104792135
1242905759	95158333	86966337
1242905799	84410430	104792135
1242905819	84410430	104792135
1242905819	95158333	86966337
1242905839	95158333	86966337
1242905859	95158333	86966337
1242905879	95158333	86966337
1242905939	95158333	86966337
1242905959	95158333	86966337
1242905979	95158333	86966337
1242905999	95158333	86966337
1242906079	95158333	86966337
1242906099	79953930	102694976
1242906119	79953930	102694976
1242906199	95158333	86966337
1242906219	79953930	102694976
1242906279	79953930	102694976
1242906299	79953930	102694976
1242906339	90636341	74580006
1242906379	79953930	102694976
1242906379	84410430	104792135
1242906399	79953930	102694976
1242906419	94502967	104792135
1242906419	84410430	104792135
1242906439	79953930	102694976
1242906519	79953930	102694976
1242906659	79953930	102694976
1242906679	74580006	90636341
1242906699	74580006	90636341
1242906719	74580006	90636341
1242906739	74580006	90636341
1242906779	79953930	102694976
1242906779	78577702	100270125
1242906799	79953930	102694976
1242906799	78577702	100270125
1242906799	104136751	100270125
1242906799	100270125	94306370
1242906819	79953930	102694976
1242906819	78577702	104136751
1242906819	100270125	94306370
1242906839	79953930	102694976
1242906839	90636341	74580006
1242906859	100270125	94306370
1242906879	78577702	104136751
1242906879	100270125	94306370
1242906899	100270125	94306370
1242906919	100270125	94306370
1242906939	79953930	102694976
1242906939	100270125	94306370
1242906959	79953930	102694976
1242906959	104398912	94175282
1242906999	100270125	94306370
1242907019	90636341	74580006
1242907039	104398912	94175282
1242907079	104398912	94175282
1242907119	104136751	100270125
1242907119	104398912	94175282
1242907159	90636341	74580006
1242907159	78577702	100270125
1242907159	100270125	94306370
1242907179	90636341	74580006
1242907179	104136751	100270125
1242907179	100270125	94306370
1242907199	79953930	102694976
1242907199	90636341	74580006
1242907199	78577702	104136751
1242907199	100270125	94306370
1242907219	79953930	102694976
1242907219	90636341	74580006
1242907219	104398912	94175282
1242907239	90636341	74580006
1242907259	79953930	102694976
1242907259	90636341	74580006
1242907259	78577702	94306370
1242907279	79953930	102694976
1242907279	90636341	74580006
1242907279	78577702	100270125
1242907279	78577702	104136751
1242907279	78577702	94306370
1242907279	104136751	100270125
1242907279	104398912	94175282
1242907279	100270125	94306370
1242907299	78577702	100270125
1242907299	78577702	94306370
1242907299	100270125	94306370
1242907319	78577702	94306370
1242907399	79953930	102694976
1242907399	104398912	94175282
1242907419	104398912	94175282
1242907439	79953930	102694976
1242907439	104398912	94175282
1242907459	79953930	102694976
1242907459	84410431	94175282
1242907459	104398912	94175282
1242907479	90636341	74580006
1242907479	78577702	94306370
1242907479	104398912	94175282
1242907499	90636341	74580006
1242907499	104398912	94175282
1242907519	104398912	94175282
1242907539	90636341	74580006
1242907539	84410431	94175282
1242907539	104398912	94175282
1242907559	104398912	94175282
1242907579	84410431	94175282
1242907579	104398912	94175282
1242907599	78577702	100270125
1242907619	100270125	94306370
1242907639	100270125	94306370
1242907659	104136751	100270125
1242907659	104136751	94306370
1242907659	100270125	94306370
1242907699	78577702	94306370
1242907699	100270125	94306370
1242907719	78577702	100270125
1242907719	100270125	94306370
1242907739	78577702	100270125
1242907739	100270125	94306370
1242907759	78577702	94306370
1242907779	78577702	100270125
1242907779	100270125	94306370
1242907799	100270125	94306370
1242907799	100270125	78577702
1242907799	94306370	78577702
1242907819	100270125	94306370
1242907839	78577702	100270125
1242907839	78577702	94306370
1242907839	100270125	94306370
1242907859	100270125	94306370
1242907859	100270125	78577702
1242907859	78577702	94306370
1242907879	78577702	100270125
1242907899	78577702	100270125
1242907899	78577702	94306370
1242907899	100270125	94306370
1242907919	78577702	100270125
1242907919	104136751	100270125
1242907919	100270125	94306370
1242907939	78577702	100270125
1242907939	78577702	94306370
1242907939	100270125	94306370
1242907959	78577702	100270125
1242907959	78577702	94306370
1242907959	100270125	94306370
1242907999	78577702	100270125
1242907999	100270125	94306370
1242908039	78577702	100270125
1242908039	100270125	94306370
1242908059	78577702	100270125
1242908059	104398912	94175282
1242908059	100270125	94306370
1242908079	104398912	94175282
1242908099	104398912	94175282
1242908159	78577702	94306370
1242908159	94175282	104398912
1242908159	83558451	75104312
1242908179	75104312	83558451
1242908199	94175282	104398912
1242908219	83558451	75104312
1242908259	104923212	74121253
1242908259	83558451	75104312
1242908259	79757361	74121253
1242908259	79757361	96403503
1242908279	79757361	74121253
1242908279	83558451	75104312
1242908279	104923212	74121253
1242908279	104923212	96403503
1242908279	74121253	96403503
1242908279	94175282	104398912
1242908299	104923212	74121253
1242908299	104923212	96403503
1242908299	74121253	96403503
1242908299	75104312	83558451
1242908319	79757361	104923212
1242908319	79757361	74121253
1242908319	90570800	99352614
1242908319	104923212	74121253
1242908339	104923212	79757361
1242908339	104923212	74121253
1242908339	103153715	96075852
1242908339	103153715	99352614
1242908339	103153715	90570800
1242908339	90570800	99352614
1242908339	79757361	74121253
1242908339	74121253	96403503
1242908339	99352614	96075852
1242908359	90570800	99352614
1242908359	103153715	99352614
1242908359	104923212	74121253
1242908359	104923212	96403503
1242908359	74121253	96403503
1242908359	94175282	104398912
1242908379	79757361	104923212
1242908379	79757361	96403503
1242908379	90570800	99352614
1242908379	90570800	103153715
1242908379	103153715	99352614
1242908379	104923212	74121253
1242908379	104923212	96403503
1242908379	74121253	96403503
1242908399	90570800	99352614
1242908399	103153715	96403503
1242908399	104923212	74121253
1242908399	104923212	96403503
1242908399	74121253	96403503
1242908419	79757361	104923212
1242908419	90570800	99352614
1242908419	104923212	74121253
1242908419	104923212	96403503
1242908419	74121253	96403503
1242908419	83558451	75104312
1242908439	79757361	104923212
1242908439	90570800	75104312
1242908439	90570800	99352614
1242908439	103153715	99352614
1242908439	104923212	74121253
1242908439	104923212	96403503
1242908439	74121253	96403503
1242908459	83558451	75104312
1242908459	104923212	96403503
1242908459	74121253	96403503
1242908479	104923212	79757361
1242908479	104923212	74121253
1242908479	104923212	96403503
1242908479	90570800	99352614
1242908479	79757361	74121253
1242908479	79757361	96403503
1242908479	74121253	96403503
1242908479	75104312	83558451
1242908499	79757361	104923212
1242908499	90570800	99352614
1242908499	90570800	94306370
1242908499	104923212	74121253
1242908499	104923212	96403503
1242908499	74121253	96403503
1242908519	104923212	79757361
1242908519	104923212	74121253
1242908519	104923212	96403503
1242908519	90570800	99352614
1242908519	90570800	103153715
1242908519	74121253	96403503
1242908519	104136751	94306370
1242908539	104923212	79757361
1242908539	104923212	100270125
1242908539	104923212	74121253
1242908539	104923212	96403503
1242908539	103153715	99352614
1242908539	103153715	90570800
1242908539	79757361	74121253
1242908539	74121253	96403503
1242908559	79757361	104923212
1242908559	79757361	74121253
1242908559	79757361	96403503
1242908559	100270125	94306370
1242908559	103153715	99352614
1242908559	104923212	74121253
1242908559	104923212	96403503
1242908559	74121253	96403503
1242908559	94306370	104136751
1242908559	75104312	83558451
1242908579	104923212	74121253
1242908579	104923212	96403503
1242908579	90570800	99352614
1242908579	74121253	96403503
1242908579	94175282	104398912
1242908579	75104312	83558451
1242908579	100270125	94306370
1242908599	104923212	79757361
1242908599	104923212	74121253
1242908599	104923212	96403503
1242908599	79757361	74121253
1242908599	79757361	96403503
1242908599	74121253	96403503
1242908599	94175282	104398912
1242908599	104136751	100270125
1242908599	104136751	94306370
1242908599	75104312	83558451
1242908619	104923212	74121253
1242908619	83558451	75104312
1242908619	90570800	99352614
1242908619	100270125	94306370
1242908639	104923212	79757361
1242908639	104923212	74121253
1242908639	103153715	99352614
1242908639	90570800	99352614
1242908639	79757361	74121253
1242908639	79757361	96403503
1242908639	94306370	100270125
1242908639	94306370	104136751
1242908639	104136751	100270125
1242908639	75104312	83558451
1242908659	104923212	74121253
1242908659	90570800	99352614
1242908659	103153715	99352614
1242908659	75104312	83558451
1242908679	104923212	74121253
1242908679	90570800	99352614
1242908679	74121253	96403503
1242908679	83558451	75104312
1242908699	74121253	96403503
1242908699	75104312	83558451
1242908719	104923212	74121253
1242908719	104923212	96403503
1242908719	75104312	83558451
1242908739	104923212	74121253
1242908739	99352614	75104312
1242908759	103153715	99352614
1242908759	99352614	75104312
1242908779	79757361	96403503
1242908779	90570800	99352614
1242908779	104923212	74121253
1242908779	74121253	96403503
1242908779	75104312	83558451
1242908799	79757361	74121253
1242908799	79757361	96403503
1242908799	90570800	99352614
1242908799	74121253	96403503
1242908799	83558451	75104312
1242908819	79757361	96403503
1242908819	90570800	99352614
1242908819	104923212	74121253
1242908819	74121253	96403503
1242908839	104923212	74121253
1242908839	104923212	96403503
1242908839	90570800	99352614
1242908839	90570800	103153715
1242908839	79757361	96403503
1242908839	94175282	104398912
1242908859	104923212	74121253
1242908859	104923212	96403503
1242908859	94175282	104398912
1242908879	79757361	104923212
1242908879	94175282	104398912
1242908899	90570800	99352614
1242908899	90570800	103153715
1242908899	104923212	74121253
1242908919	90570800	99352614
1242908919	104398912	94175282
1242908939	90570800	99352614
1242908959	90570800	99352614
1242908959	94175282	104398912
1242908979	90570800	99352614
1242908979	94175282	104398912
1242908999	90570800	99352614
1242909019	90570800	99352614
1242909039	90570800	99352614
1242909059	90570800	99352614
1242909059	104923212	96403503
1242909079	90570800	99352614
1242909099	104923212	74121253
1242909099	103153715	99352614
1242909099	103153715	90570800
1242909099	90570800	99352614
1242909119	75104312	83558451
1242909139	75104312	83558451
1242909159	90570800	99352614
1242909179	90570800	99352614
1242909179	75104312	83558451
1242909199	104923212	74121253
1242909199	104923212	96403503
1242909199	75104312	83558451
1242909219	90570800	99352614
1242909219	104923212	74121253
1242909219	75104312	83558451
1242909239	104923212	74121253
1242909239	103153715	74121253
1242909239	83558451	75104312
1242909259	104923212	74121253
1242909259	90570800	99352614
1242909259	90570800	103153715
1242909259	103153715	99352614
1242909259	75104312	83558451
1242909279	103153715	90570800
1242909279	90570800	99352614
1242909299	79757361	96403503
1242909299	103153715	99352614
1242909299	90570800	99352614
1242909319	79757361	96403503
1242909339	79757361	74121253
1242909339	79757361	96403503
1242909339	74121253	96403503
1242909359	104923212	74121253
1242909359	104923212	96403503
1242909359	90570800	99352614
1242909359	74121253	96403503
1242909379	104923212	96403503
1242909379	74121253	96403503
1242909399	104923212	79757361
1242909399	74121253	96403503
1242909399	83558451	75104312
1242909419	104923212	79757361
1242909419	104923212	74121253
1242909419	104923212	96403503
1242909419	90570800	99352614
1242909419	79757361	74121253
1242909419	79757361	96403503
1242909419	74121253	96403503
1242909439	104923212	79757361
1242909439	104923212	96403503
1242909459	79757361	104923212
1242909459	103153715	90570800
1242909459	90570800	99352614
1242909479	90570800	99352614
1242909499	90570800	99352614
1242909499	90570800	103153715
1242909499	79757361	96403503
1242909499	74121253	96403503
1242909519	103153715	90570800
1242909519	90570800	99352614
1242909539	90570800	99352614
1242909539	103153715	99352614
1242909559	90570800	99352614
1242909559	90570800	103153715
1242909559	103153715	99352614
1242909579	103153715	99352614
1242909579	103153715	90570800
1242909579	90570800	99352614
1242909579	104923212	74121253
1242909579	104923212	96403503
1242909579	74121253	99352614
1242909579	99352614	96403503
1242909599	103153715	74121253
1242909599	103153715	99352614
1242909599	103153715	90570800
1242909599	90570800	99352614
1242909599	104923212	74121253
1242909599	74121253	96403503
1242909619	104923212	79757361
1242909619	104923212	74121253
1242909619	104923212	96403503
1242909619	90570800	99352614
1242909639	104923212	74121253
1242909639	104923212	96403503
1242909639	90570800	99352614
1242909639	90570800	103153715
1242909639	103153715	99352614
1242909639	74121253	96403503
1242909639	99352614	83558451
1242909659	79757361	104923212
1242909659	103153715	99352614
1242909659	103153715	90570800
1242909659	83558451	75104312
1242909679	79757361	104923212
1242909679	79757361	74121253
1242909679	79757361	96403503
1242909679	104923212	96403503
1242909679	75104312	83558451
1242909699	79757361	104923212
1242909699	79757361	74121253
1242909699	79757361	96403503
1242909699	103153715	99352614
1242909699	104923212	74121253
1242909699	104923212	96403503
1242909699	74121253	96403503
1242909699	75104312	83558451
1242909719	79757361	104923212
1242909719	79757361	74121253
1242909719	79757361	96403503
1242909719	103153715	99352614
1242909719	104923212	96403503
1242909719	75104312	83558451
1242909739	79757361	74121253
1242909739	79757361	96403503
1242909739	103153715	90570800
1242909739	90570800	99352614
1242909739	104923212	96403503
1242909739	75104312	83558451
1242909759	79757361	96403503
1242909759	90570800	99352614
1242909759	103153715	99352614
1242909759	104923212	74121253
1242909759	74121253	96403503
1242909779	104923212	74121253
1242909779	90570800	103153715
1242909779	103153715	99352614
1242909799	104923212	74121253
1242909799	103153715	99352614
1242909799	103153715	90570800
1242909799	90570800	99352614
1242909799	74121253	96403503
1242909819	104923212	74121253
1242909819	90570800	103153715
1242909819	74121253	96403503
1242909839	79757361	104923212
1242909839	79757361	74121253
1242909839	79757361	96403503
1242909839	104923212	74121253
1242909839	104923212	96403503
1242909839	74121253	96403503
1242909859	90570800	99352614
1242909879	103153715	90570800
1242909879	90570800	99352614
1242909939	103153715	90570800
1242909939	90570800	99352614
1242909959	90570800	99352614
1242909959	90570800	103153715
1242909959	103153715	99352614
1242909979	103153715	90570800
1242909979	90570800	99352614
1242909999	90570800	103153715
1242910019	103153715	99352614
1242910019	90570800	99352614
1242910019	75104312	83558451
1242910039	90570800	96075852
1242910039	90570800	99352614
1242910039	90570800	103153715
1242910039	103153715	99352614
1242910039	99352614	96075852
1242910059	103153715	99352614
1242910059	103153715	90570800
1242910059	90570800	99352614
1242910119	83558451	75104312
1242910139	75104312	83558451
1242910159	75104312	96075852
1242910159	75104312	83558451
1242910159	83558451	96075852
1242910179	75104312	96075852
1242910179	75104312	83558451
1242910179	96075852	83558451
1242910199	96075852	75104312
1242910199	83558451	75104312
1242910539	104529980	94502968
1242910579	94502968	104529980
1242910599	94502968	104529980
1242910619	94502968	104529980
1242910639	102694977	96075853
1242910639	102694977	104792137
1242910659	102694977	104792137
1242910719	96075853	104792137
1242910759	102694977	96075853
1242910779	102694977	104792137
1242910779	104792137	96075853
1242910799	96075853	104792137
1242910799	102694977	104792137
1242910819	102694977	104792137
1242910819	104792137	96075853
1242910839	104792137	96075853
1242910839	104792137	102694977
1242910879	104792137	96075853
1242910879	104792137	102694977
1242910899	104792137	96075853
1242910919	102694977	96075853
1242910919	104792137	96075853
1242910959	94502968	104529980
1242910959	102694977	104792137
1242910979	102694977	96075853
1242910979	102694977	104792137
1242910979	96075853	104792137
1242910999	94502968	104529980
1242911019	94502968	104529980
1242911039	94502968	104529980
1242911079	96075853	104792137
1242911079	102694977	104792137
1242911099	102694977	96075853
1242911099	96075853	104792137
1242911119	102694977	96075853
1242911119	102694977	104792137
1242911139	104792137	102694977
1242911139	96075853	102694977
1242911159	102694977	96075853
1242911159	102694977	104792137
1242911179	102694977	104792137
1242911219	102694977	104792137
1242911299	102694977	104792137
1242911399	104792137	102694977
1242911459	102694977	104792137
1242911479	102694977	96075853
1242911479	102694977	104792137
1242911499	104792137	102694977
1242911499	96075853	102694977
1242911519	104792137	102694977
1242911519	96075853	102694977
1242911539	96075853	102694977
1242911559	94502968	104529980
1242911559	104792137	96075853
1242911559	96075853	102694977
1242911579	102694977	104792137
1242911599	96075853	102694977
1242911599	104792137	102694977
1242911639	104792137	96075853
1242911639	104792137	102694977
1242911659	102694977	104792137
1242911659	96075853	104792137
1242911679	102694977	96075853
1242911679	102694977	104792137
1242911719	78839876	94175283
1242911739	96075853	104792137
1242911759	104792137	102694977
1242911779	104792137	96075853
1242911779	104792137	102694977
1242911799	104792137	102694977
1242911799	96075853	102694977
1242911819	94502968	104529980
1242911819	102694977	104792137
1242911839	94502968	104529980
1242911839	102694977	104792137
1242911859	95158334	78839876
1242911859	104792137	96075853
1242911859	104792137	102694977
1242911879	95158334	78839876
1242911879	104792137	96075853
1242911899	95158334	78839876
1242911899	96075853	104792137
1242911919	95158334	78839876
1242911939	95158334	78839876
1242911959	104529980	94502968
1242911959	95158334	78839876
1242911959	96075853	78839876
1242911979	95158334	78839876
1242911979	102694977	96075853
1242911979	102694977	104792137
1242911999	95158334	78839876
1242911999	102694977	104792137
1242912019	95158334	78839876
1242912019	102694977	104792137
1242912019	94175284	96141371
1242912039	95158334	78839876
1242912059	95158334	78839876
1242912079	95158334	78839876
1242912099	95158334	78839876
1242912119	95158334	78839876
1242912139	95158334	78839876
1242912179	95158334	78839876
1242912179	96075853	102694977
1242912199	95158334	78839876
1242912199	96075853	102694977
1242912219	96075853	102694977
1242912239	96141371	79953931
1242912239	95158334	78839876
1242912239	96075853	102694977
1242912259	95158334	78839876
1242912259	96075853	102694977
1242912299	96075853	102694977
1242912359	83558453	104792138
1242912359	95158334	78839876
1242912379	95158334	78839876
1242912399	95158334	78839876
1242912399	96075853	102694977
1242912439	84410432	86966338
1242912439	95158334	78839876
1242912459	84410432	74580007
1242912459	84410432	86966338
1242912459	95158334	78839876
1242912459	86966338	74580007
1242912479	84410432	74580007
1242912479	84410432	86966338
1242912479	95158334	78839876
1242912479	86966338	74580007
1242912499	84410432	74580007
1242912499	84410432	86966338
1242912499	95158334	78839876
1242912499	86966338	74580007
1242912519	84410432	74580007
1242912519	94175284	104792138
1242912539	83558453	104792138
1242912539	84410432	86966338
1242912539	86966338	74580007
1242912559	83558453	104792138
1242912559	86966338	94175284
1242912579	104529980	94502968
1242912579	83558453	104792138
1242912579	95158334	78839876
1242912599	94502968	104792138
1242912599	83558453	104792138
1242912599	104529980	104792138
1242912619	84410432	86966338
1242912619	95158334	78839876
1242912619	86966338	74580007
1242912639	95158334	78839876
1242912659	94502968	104529980
1242912659	95158334	78839876
1242912679	104529980	94502968
1242912679	84410432	74580007
1242912679	95158334	78839876
1242912699	86966338	74580007
1242912719	95158334	78839876
1242912739	95158334	78839876
1242912739	83558453	104792138
1242912759	83558453	104792138
1242912779	83558453	104792138
1242912779	84410432	86966338
1242912779	95158334	78839876
1242912799	84410432	86966338
1242912799	96075853	102694977
1242912799	95158334	78839876
1242912819	83558453	104792138
1242912819	95158334	78839876
1242912839	83558453	104792138
1242912859	95158334	78839876
1242912879	104792138	83558453
1242912899	84410432	74580007
1242912899	84410432	86966338
1242912919	95158334	78839876
1242912919	86966338	74580007
1242912939	95158334	78839876
1242912959	86966338	74580007
1242912979	84410432	74580007
1242912979	86966338	74580007
1242912979	96075853	102694977
1242912999	84410432	86966338
1242912999	102694977	96075853
1242913019	104792138	83558453
1242913039	83558453	104792138
1242913039	96075853	102694977
1242913059	102694977	96075853
1242913059	83558453	104792138
1242913079	83558453	104792138
1242913099	83558453	104792138
1242913299	86966338	74580007
1242913299	83558453	104792138
1242913319	84410432	74580007
1242913319	86966338	74580007
1242913319	83558453	104792138
1242913339	83558453	104792138
1242913339	86966338	74580007
1242913359	83558453	104792138
1242913379	86966338	74580007
1242913379	83558453	104792138
1242913399	84410432	74580007
1242913399	84410432	86966338
1242913399	86966338	74580007
1242913399	83558453	104792138
1242913419	83558453	104792138
1242913419	84410432	86966338
1242913459	104792138	83558453
1242913479	83558453	104792138
1242913519	83558453	104792138
1242913539	83558453	104792138
1242913559	104792138	83558453
1242913579	104792138	83558453
1242913599	83558453	104792138
1242913639	104792138	83558453
1242913679	104792138	83558453
1242913699	104792138	83558453
1242913719	83558453	104792138
1242913759	104792138	83558453
1242913779	104792138	83558453
1242913799	83558453	104792138
1242913819	104792138	83558453
1242913839	83558453	104792138
1242913879	83558453	104792138
1242913919	104792138	83558453
1242914039	104792138	83558453
1242914079	104792138	83558453
1242914599	83558453	104792138
1242914659	83558453	104792138
1242914679	83558453	104792138
1242914699	83558453	104792138
1242914719	83558453	104792138
1242914739	83558453	104792138
1242914759	83558453	104792138
1242914779	83558453	104792138
1242914799	83558453	104792138
1242914819	83558453	104792138
1242914839	104792138	83558453
1242914859	83558453	104792138
1242914879	83558453	104792138
1242914899	83558453	104792138
1242914919	83558453	104792138
1242914939	83558453	104792138
1242914959	83558453	104792138
1242914979	83558453	104792138
1242914999	83558453	104792138
1242915019	83558453	104792138
1242915039	83558453	104792138
1242915059	83558453	104792138
1242915079	83558453	104792138
1242915099	104792138	83558453
1242915119	74580008	94175284
1242915119	83558453	104792138
1242915139	104792138	83558453
1242915159	104792138	83558453
1242915179	104792138	83558453
1242915179	74580008	94175284
1242915199	104792138	83558453
1242915219	83558453	104792138
1242915239	104792138	83558453
1242915239	74580008	94175284
1242915259	94175284	74580008
1242915259	83558453	104792138
1242915279	83558453	104792138
1242915299	74580008	94175284
1242915299	83558453	104792138
1242915319	104792138	83558453
1242915319	74580008	94175284
1242915339	74580008	94175284
1242915359	74580008	94175284
1242915379	74580008	94175284
1242915399	74580008	94175284
1242915419	74580008	94175284
1242915439	74580008	94175284
1242915459	74580008	94175284
1242916319	75104313	83558454
1242916319	75104313	95158335
1242916359	75104313	83558454
1242916419	75104313	83558454
1242916499	75104313	95158335
1242916519	75104313	83558454
1242916579	75104313	95158335
1242916599	75104313	95158335
1242916699	75104313	83558454
1242916819	75104313	83558454
1242917119	75104313	95158335
1242917139	75104313	83558454
1242917219	75104313	95158335
1242917239	75104313	95158335
1242917259	75104313	95158335
1242917299	95158335	83558454
1242917319	95158335	83558454
1242917339	75104313	83558454
1242917379	75104313	83558454
1242917399	75104313	83558454
1242917439	75104313	83558454
1242917439	75104313	95158335
1242917459	75104313	95158335
1242917539	75104313	95158335
1242917579	75104313	95158335
1242917599	75104313	83558454
1242917619	83558454	95158335
1242917639	75104313	83558454
1242917639	83558454	95158335
1242919239	95158337	75104314
1242919699	83558456	94175286
1242919779	83558456	94175286
1242919819	94175286	83558456
1242919839	95158337	94175286
1242919839	94175286	83558456
1242919859	83558456	94175286
1242919899	83558456	94175286
1242919899	95158337	100270126
1242919919	94175286	83558456
1242919959	83558456	94175286
1242919979	96141373	74121254
1242919979	96141373	78577704
1242919979	83558456	94175286
1242919979	74121254	78577704
1242919979	95158337	94175286
1242919979	94175286	100270126
1242919999	83558456	100270126
1242919999	83558456	94175286
1242919999	74121254	78577704
1242919999	100270126	94175286
1242920019	100270126	83558456
1242920019	100270126	94175286
1242920019	96141373	78577704
1242920039	83558456	94175286
1242920039	74121254	78577704
1242920039	78577704	96141373
1242920039	94175286	100270126
1242920059	94175286	100270126
1242920059	94175286	83558456
1242920079	96141373	74121254
1242920079	83558456	94175286
1242920079	95158337	100270126
1242920099	96141373	74121254
1242920099	100270126	95158337
1242920099	95158337	94175286
1242920119	83558456	94175286
1242920119	95158337	100270126
1242920139	83558456	100270126
1242920139	83558456	94175286
1242920139	95158337	100270126
1242920159	96141373	74121254
1242920159	83558456	94175286
1242920219	83558456	94175286
1242920219	74121254	96141373
1242920239	100270126	83558456
1242920239	100270126	94306371
1242920259	83558456	100270126
1242920259	83558456	94175286
1242920299	84410433	96075854
1242920299	101253167	96075854
1242920299	83558456	94175286
1242920319	84410433	101253167
1242920319	74121254	78577704
1242920319	83558456	94175286
1242920339	101253167	96075854
1242920339	74121254	78577704
1242920339	95158337	94306371
1242920339	94175286	83558456
1242920359	100270126	94306371
1242920359	83558456	94175286
1242920359	101253167	96075854
1242920359	74121254	78577704
1242920379	100270126	94306371
1242920379	83558456	94175286
1242920379	74121254	78577704
1242920399	83558456	94175286
1242920399	100270126	90636342
1242920399	90636342	95158337
1242920399	84410433	96075854
1242920399	74121254	96141373
1242920399	74121254	78577704
1242920419	96141373	78577704
1242920419	74121254	78577704
1242920439	96141373	74121254
1242920439	96141373	78577704
1242920439	100270126	90636342
1242920439	83558456	94175286
1242920439	90636342	95158337
1242920439	84410433	96075854
1242920439	74121254	78577704
1242920439	102694978	75104314
1242920459	83558456	94175286
1242920459	90636342	100270126
1242920459	84410433	96075854
1242920459	74121254	96141373
1242920459	74121254	78577704
1242920459	78577704	96141373
1242920479	96141373	78577704
1242920479	90636342	100270126
1242920479	90636342	95158337
1242920479	90636342	94306371
1242920479	101253167	96075854
1242920479	83558456	94175286
1242920499	83558456	94175286
1242920499	90636342	100270126
1242920499	84410433	101253167
1242920499	84410433	96075854
1242920499	101253167	96075854
1242920519	96141373	78577704
1242920519	90636342	100270126
1242920519	90636342	94175286
1242920519	84410433	101253167
1242920519	84410433	96075854
1242920519	101253167	96075854
1242920519	78577704	94306371
1242920519	83558456	94175286
1242920539	83558456	94175286
1242920539	90636342	100270126
1242920539	84410433	101253167
1242920539	84410433	96075854
1242920539	101253167	96075854
1242920539	86966339	96141373
1242920559	100270126	90636342
1242920559	100270126	94306371
1242920559	96141373	86966339
1242920559	96141373	78577704
1242920559	84410433	101253167
1242920559	74121254	86966339
1242920559	74121254	78577704
1242920559	83558456	94175286
1242920579	83558456	94175286
1242920579	84410433	101253167
1242920579	101253167	96075854
1242920579	78577704	96141373
1242920599	96141373	78577704
1242920599	84410433	101253167
1242920599	84410433	96075854
1242920599	101253167	96075854
1242920619	83558456	94175286
1242920619	79953932	104792139
1242920619	84410433	101253167
1242920619	84410433	96075854
1242920619	101253167	96075854
1242920619	74121254	96141373
1242920619	74121254	78577704
1242920619	78577704	96141373
1242920639	96141373	74121254
1242920639	96141373	78577704
1242920639	83558456	94175286
1242920639	79953932	104792139
1242920639	84410433	101253167
1242920639	84410433	96075854
1242920639	101253167	96075854
1242920639	74121254	78577704
1242920659	96141373	74121254
1242920659	83558456	94175286
1242920659	84410433	101253167
1242920659	101253167	96075854
1242920659	74121254	78577704
1242920679	96141373	74121254
1242920679	96141373	78577704
1242920679	79953932	104792139
1242920679	84410433	101253167
1242920679	101253167	96075854
1242920679	74121254	78577704
1242920679	83558456	94175286
1242920699	79953932	74121254
1242920699	79953932	96141373
1242920699	84410433	101253167
1242920699	74121254	104792139
1242920699	74121254	96141373
1242920699	74121254	78577704
1242920699	78577704	96141373
1242920699	83558456	94175286
1242920719	84410433	101253167
1242920719	84410433	96075854
1242920719	101253167	96075854
1242920719	78577704	74121254
1242920719	78577704	79953932
1242920719	78577704	96141373
1242920719	78577704	104792139
1242920719	94175286	83558456
1242920719	102694978	86966339
1242920719	95158337	100270126
1242920719	96141373	74121254
1242920719	96141373	79953932
1242920719	104792139	74121254
1242920719	104792139	79953932
1242920719	79953932	74121254
1242920719	90636342	100270126
1242920739	84410433	96075854
1242920739	78577704	74121254
1242920739	78577704	79953932
1242920739	78577704	96141373
1242920739	102694978	75104314
1242920739	102694978	86966339
1242920739	96141373	74121254
1242920739	96141373	79953932
1242920739	104792139	74121254
1242920739	79953932	74121254
1242920759	84410433	96075854
1242920759	78577704	74121254
1242920759	78577704	96141373
1242920759	94175286	83558456
1242920759	86966339	75104314
1242920759	86966339	102694978
1242920759	96141373	74121254
1242920759	79953932	74121254
1242920759	102694978	75104314
1242920779	83558456	94175286
1242920779	79953932	74121254
1242920779	84410433	96075854
1242920779	74121254	96141373
1242920779	74121254	78577704
1242920779	78577704	96141373
1242920779	102694978	75104314
1242920779	102694978	96141373
1242920799	84410433	96075854
1242920799	78577704	96141373
1242920799	78577704	86966339
1242920799	94175286	83558456
1242920799	94175286	96141373
1242920799	102694978	75104314
1242920799	86966339	96141373
1242920799	79953932	74121254
1242920799	96141373	100270126
1242920799	90636342	100270126
1242920819	96141373	100270126
1242920819	100270126	90636342
1242920819	100270126	75104314
1242920819	83558456	94175286
1242920819	84410433	101253167
1242920819	101253167	96075854
1242920819	74121254	104792139
1242920819	75104314	102694978
1242920839	100270126	90636342
1242920839	100270126	96141373
1242920839	100270126	78577704
1242920839	96141373	79953932
1242920839	96141373	78577704
1242920839	79953932	78577704
1242920839	84410433	96075854
1242920839	78577704	86966339
1242920839	83558456	94175286
1242920839	75104314	102694978
1242920859	96141373	100270126
1242920859	96141373	79953932
1242920859	96141373	86966339
1242920859	90570801	74121254
1242920859	90636342	100270126
1242920859	101253167	96075854
1242920859	75104314	102694978
1242920879	84410433	96075854
1242920879	101253167	96075854
1242920879	78577704	74121254
1242920879	78577704	79953932
1242920879	79953932	100270126
1242920879	79953932	74121254
1242920879	102694978	75104314
1242920899	84410433	96075854
1242920899	78577704	74121254
1242920899	78577704	96141373
1242920899	78577704	90570801
1242920899	78577704	86966339
1242920899	94175286	83558456
1242920899	94306371	102694978
1242920899	86966339	96141373
1242920899	96075854	102694978
1242920899	79953932	74121254
1242920899	96141373	74121254
1242920899	96141373	90570801
1242920919	84410433	101253167
1242920919	78577704	74121254
1242920919	78577704	96141373
1242920919	94175286	83558456
1242920919	94306371	96075854
1242920919	86966339	96141373
1242920919	96075854	102694978
1242920919	96141373	74121254
1242920939	78577704	74121254
1242920939	78577704	94306371
1242920939	78577704	90636342
1242920939	94175286	83558456
1242920939	94306371	74121254
1242920939	94306371	79953932
1242920939	94306371	96141373
1242920939	96141373	79953932
1242920939	90636342	74121254
1242920959	101253167	75104314
1242920959	74121254	78577704
1242920959	74121254	94306371
1242920959	94175286	83558456
1242920979	94175286	83558456
1242920979	96141373	79953932
1242920979	96141373	90570801
1242920979	94306371	74121254
1242920979	94306371	90570801
1242920979	90570801	74121254
1242920999	83558456	94175286
1242920999	79953932	74121254
1242920999	90570801	74121254
1242921019	79953932	100270126
1242921019	79953932	74121254
1242921019	79953932	96141373
1242921019	90570801	74121254
1242921019	90570801	96141373
1242921019	94175286	83558456
1242921039	96141373	79953932
1242921039	96141373	90570801
1242921039	79953932	100270126
1242921039	79953932	74121254
1242921039	90570801	101253167
1242921039	90570801	100270126
1242921039	90570801	74121254
1242921039	94175286	83558456
1242921059	101253167	90570801
1242921059	94175286	83558456
1242921059	96141373	79953932
1242921059	96141373	90570801
1242921059	96141373	90636342
1242921059	79953932	74121254
1242921059	90570801	74121254
1242921079	94175286	83558456
1242921079	96141373	79953932
1242921079	90570801	100270126
1242921079	100270126	83558456
1242921099	96141373	90570801
1242921099	90570801	74121254
1242921099	90636342	74121254
1242921199	100270126	78839877
1242921199	90636342	74121254
1242921199	90636342	102694978
1242921199	75104314	102694978
1242921239	90636342	74121254
1242921259	83558456	94175286
1242921259	79953932	74121254
1242921259	79953932	96141373
1242921279	83558456	94175286
1242921319	90570801	74121254
1242921319	84410433	96075854
1242921319	101253167	96075854
1242921319	74121254	96141373
1242921319	78577704	96141373
1242921319	86966339	75104314
1242921319	86966339	102694978
1242921319	96075854	75104314
1242921339	84410433	96075854
1242921339	101253167	96075854
1242921339	101253167	90570801
1242921339	78577704	95158337
1242921339	94175286	100270126
1242921339	94175286	83558456
1242921339	104792139	79953932
1242921339	96141373	74121254
1242921359	101253167	96075854
1242921359	96075854	100270126
1242921359	96141373	74121254
1242921359	100270126	83558456
1242921379	101253167	96075854
1242921379	79953932	100270126
1242921379	79953932	74121254
1242921399	101253167	96075854
1242921419	100270126	78839877
1242921419	101253167	96075854
1242921439	90570801	101253167
1242921439	101253167	96075854
1242921459	100270126	96075854
1242921459	84410433	101253167
1242921459	101253167	96075854
1242921459	102694978	75104314
1242921479	96141373	74121254
1242921479	90570801	101253167
1242921479	90570801	100270126
1242921479	90570801	75104314
1242921479	84410433	96075854
1242921479	84410433	74121254
1242921479	96075854	100270126
1242921499	100270126	96075854
1242921499	84410433	96075854
1242921499	101253167	96075854
1242921499	83558456	102694978
1242921519	84410433	96075854
1242921519	101253167	96075854
1242921519	96075854	100270126
1242921539	100270126	101253167
1242921539	100270126	96075854
1242921539	84410433	96075854
1242921539	101253167	96075854
1242921559	84410433	96075854
1242921559	101253167	96075854
1242921559	96075854	83558456
1242921579	102694978	90636342
1242921599	84410433	96075854
1242921599	101253167	96075854
1242921599	104792139	74121254
1242921599	79953932	74121254
1242921619	83558456	96075854
1242921619	101253167	96075854
1242921619	101253167	74121254
1242921639	79953932	74121254
1242921659	79953932	74121254
1242921719	83558456	102694978
1242921739	90636342	74121254
1242921739	90636342	95158337
1242921759	83558456	94175286
1242921759	74121254	96141373
1242921759	78839877	100270126
1242921779	74121254	96141373
1242921799	74121254	96141373
1242921819	79953932	104792139
1242921819	103153716	96403504
1242921859	103153716	96403504
1242921879	84410433	101253167
1242921879	103153716	96403504
1242921879	78839877	100270126
1242921879	96075854	90570801
1242921879	96141373	83558456
1242921879	83558456	90570801
1242921899	84410433	101253167
1242921899	101253167	90570801
1242921899	86966339	75104314
1242921899	103153716	96403504
1242921899	78577704	74121254
1242921899	78577704	96141373
1242921899	78839877	79953932
1242921899	96141373	74121254
1242921899	79953932	100270126
1242921899	94306371	90570801
1242921899	90570801	100270126
1242921919	84410433	101253167
1242921919	78577704	74121254
1242921919	103153716	96403504
1242921919	95158337	90570801
1242921919	86966339	75104314
1242921919	94306371	100270126
1242921919	90570801	100270126
1242921939	101253167	96075854
1242921939	101253167	100270126
1242921939	103153716	96403504
1242921959	94175286	83558456
1242921959	103153716	96403504
1242921979	101253167	96075854
1242921979	101253167	78839877
1242921979	94175286	83558456
1242921979	103153716	96403504
1242921999	101253167	96075854
1242921999	94175286	83558456
1242921999	102694978	94306371
1242921999	103153716	96403504
1242921999	78577704	96141373
1242921999	94306371	83558456
1242922019	101253167	96075854
1242922019	94175286	83558456
1242922019	94306371	102694978
1242922019	94502969	75104314
1242922019	103153716	96403504
1242922019	78577704	96141373
1242922039	84410433	96075854
1242922039	84410433	90570801
1242922039	94175286	83558456
1242922039	103153716	96403504
1242922039	78577704	74121254
1242922039	78577704	96141373
1242922039	78839877	90570801
1242922059	84410433	101253167
1242922059	84410433	100270126
1242922059	94175286	83558456
1242922059	103153716	96403504
1242922059	78577704	74121254
1242922059	78577704	96141373
1242922059	78839877	90570801
1242922059	96141373	74121254
1242922079	94175286	83558456
1242922079	94306371	83558456
1242922079	103153716	96403504
1242922079	78577704	74121254
1242922079	78577704	96141373
1242922079	96141373	74121254
1242922099	94175286	83558456
1242922099	103153716	96403504
1242922099	94306371	83558456
1242922119	94175286	83558456
1242922119	78577704	74121254
1242922119	78577704	96141373
1242922119	96141373	74121254
1242922119	79757362	83558456
1242922139	94175286	83558456
1242922139	103153716	96403504
1242922139	78577704	74121254
1242922139	78577704	90570801
1242922139	96141373	74121254
1242922159	101253167	86966339
1242922159	94175286	83558456
1242922159	103153716	96403504
1242922159	78577704	74121254
1242922159	78577704	90570801
1242922159	90570801	74121254
1242922179	101253167	86966339
1242922179	103153716	96403504
1242922179	78577704	74121254
1242922179	78577704	78839877
1242922179	78577704	96141373
1242922179	78577704	90570801
1242922179	78839877	74121254
1242922179	96141373	74121254
1242922179	90570801	74121254
1242922199	104923213	79757362
1242922199	103153716	96403504
1242922199	78577704	74121254
1242922199	75104314	100270126
1242922219	84410433	96075854
1242922219	101253167	96075854
1242922219	101253167	86966339
1242922219	86966339	96075854
1242922219	94175286	83558456
1242922219	103153716	96403504
1242922219	78577704	96141373
1242922239	94175286	75104314
1242922239	94175286	83558456
1242922239	103153716	96403504
1242922259	79757362	104923213
1242922259	103153716	96403504
1242922259	78577704	96141373
1242922259	96141373	74121254
1242922259	79953932	90636342
1242922279	104923213	79757362
1242922279	101253167	86966339
1242922279	103153716	96403504
1242922279	78577704	96141373
1242922299	79757362	104923213
1242922299	94175286	83558456
1242922299	103153716	96403504
1242922299	79953932	90636342
1242922319	79757362	104923213
1242922319	103153716	96403504
1242922319	78577704	74121254
1242922319	78577704	78839877
1242922319	78577704	90570801
1242922319	78839877	74121254
1242922319	78839877	96141373
1242922319	78839877	90570801
1242922319	96141373	90570801
1242922319	90570801	74121254
1242922339	79757362	104923213
1242922339	84410433	96075854
1242922339	94175286	83558456
1242922339	78577704	74121254
1242922339	78839877	90570801
1242922339	96075854	100270126
1242922339	79953932	90636342
1242922359	84410433	96075854
1242922359	103153716	96403504
1242922359	78577704	96141373
1242922379	84410433	96075854
1242922399	103153716	96403504
1242922419	103153716	96403504
1242922419	78839877	102694978
1242922419	79953932	104792139
1242922439	103153716	96403504
1242922439	79953932	104792139
1242922459	103153716	90636342
1242922479	101253167	86966339
1242922479	94175286	83558456
1242922479	94502969	100270126
1242922479	96141373	74121254
1242922499	84410433	96075854
1242922499	78577704	74121254
1242922499	96141373	74121254
1242922499	79953932	100270126
1242922499	79953932	104792139
1242922519	103153716	96403504
1242922519	78577704	96141373
1242922519	79953932	104792139
1242922539	101253167	86966339
1242922539	78577704	96141373
1242922539	79953932	104792139
1242922559	84410433	96075854
1242922559	101253167	86966339
1242922559	103153716	96403504
1242922559	78577704	96141373
1242922559	104398913	100466730
1242922559	96141373	74121254
1242922579	84410433	96075854
1242922579	101253167	86966339
1242922579	94502969	83558456
1242922579	103153716	78577704
1242922579	78577704	74121254
1242922579	96141373	74121254
1242922599	101253167	86966339
1242922599	94502969	83558456
1242922599	103153716	78577704
1242922599	78577704	96141373
1242922599	79953932	83558456
1242922619	102694978	79953932
1242922619	79953932	100270126
1242922639	84410433	96075854
1242922639	101253167	86966339
1242922639	94306371	104398913
1242922639	103153716	96141373
1242922639	103153716	78577704
1242922639	103153716	96403504
1242922639	78577704	74121254
1242922639	78577704	96141373
1242922639	79953932	102694978
1242922639	102694978	100270126
1242922639	102694978	74121254
1242922639	100270126	74121254
1242922659	84410433	96075854
1242922659	101253167	86966339
1242922659	96403504	103153716
1242922659	78577704	74121254
1242922659	78577704	96141373
1242922659	78577704	102694978
1242922659	96141373	74121254
1242922659	96141373	102694978
1242922679	84410433	96075854
1242922679	94175286	78577704
1242922679	103153716	78577704
1242922679	104398913	100466730
1242922679	96141373	83558456
1242922679	94306371	90636342
1242922699	84410433	96075854
1242922699	101253167	86966339
1242922699	78577704	83558456
1242922699	78839877	75104314
1242922699	96141373	74121254
1242922699	94306371	90636342
1242922719	84410433	96075854
1242922719	94306371	90636342
1242922719	83558456	74121254
1242922719	83558456	90570801
1242922719	90570801	74121254
1242922739	84410433	96075854
1242922739	104398913	100466730
1242922739	94306371	90636342
1242922759	94306371	90636342
1242922759	96141373	74121254
1242922779	101253167	86966339
1242922779	94175286	83558456
1242922779	94175286	90570801
1242922779	78577704	96141373
1242922799	101253167	86966339
1242922799	78577704	96141373
1242922799	94306371	90636342
1242922799	82444364	99352615
1242922819	101253167	86966339
1242922819	78577704	96141373
1242922819	94306371	99352615
1242922819	94306371	90636342
1242922819	90570801	74121254
1242922819	90636342	82444364
1242922819	82444364	99352615
1242922839	101253167	86966339
1242922839	94306371	82444364
1242922839	94306371	99352615
1242922839	94306371	90636342
1242922839	78577704	83558456
1242922839	78577704	96141373
1242922839	104398913	100466730
1242922839	90570801	74121254
1242922839	90636342	99352615
1242922839	82444364	99352615
1242922859	101253167	86966339
1242922859	78577704	96141373
1242922859	94175286	83558456
1242922859	94306371	82444364
1242922859	94306371	99352615
1242922859	104398913	100466730
1242922859	90570801	74121254
1242922859	90636342	82444364
1242922859	82444364	99352615
1242922879	94175286	83558456
1242922879	78577704	96141373
1242922879	78577704	83558456
1242922879	96141373	83558456
1242922879	90570801	74121254
1242922879	90636342	82444364
1242922879	82444364	99352615
1242922899	101253167	86966339
1242922899	78577704	83558456
1242922899	78577704	96141373
1242922899	96141373	83558456
1242922899	90570801	74121254
1242922899	90636342	82444364
1242922899	90636342	99352615
1242922899	82444364	99352615
1242922919	101253167	86966339
1242922919	78577704	74121254
1242922919	96075854	100270126
1242922919	96141373	83558456
1242922919	79953932	104792139
1242922919	83558456	74121254
1242922919	90636342	99352615
1242922919	82444364	99352615
1242922939	101253167	86966339
1242922939	103153716	78839877
1242922939	78577704	74121254
1242922939	90636342	82444364
1242922939	90636342	99352615
1242922939	82444364	99352615
1242922959	84410433	96075854
1242922959	103153716	96403504
1242922959	78577704	74121254
1242922959	90570801	74121254
1242922959	90636342	82444364
1242922959	90636342	99352615
1242922959	82444364	99352615
1242922979	103153716	96403504
1242922979	78577704	74121254
1242922979	78577704	90570801
1242922979	96141373	83558456
1242922979	96141373	90570801
1242922979	90636342	99352615
1242922979	82444364	99352615
1242922999	101253167	86966339
1242922999	78577704	96141373
1242922999	78577704	90570801
1242922999	78577704	83558456
1242922999	96141373	83558456
1242922999	96141373	90570801
1242922999	90636342	82444364
1242922999	90636342	99352615
1242922999	82444364	99352615
1242923019	84475958	79167558
1242923019	84475958	82444364
1242923019	86966339	101253167
1242923019	103153716	96403504
1242923019	78577704	90570801
1242923019	96141373	90570801
1242923019	79953932	104792139
1242923019	83558456	90570801
1242923019	90636342	82444364
1242923019	90636342	99352615
1242923019	82444364	99352615
1242923039	94175286	90570801
1242923039	103153716	96403504
1242923039	78577704	90570801
1242923039	96141373	90570801
1242923039	83558456	90570801
1242923039	90636342	82444364
1242923039	90636342	99352615
1242923039	82444364	99352615
1242923059	101253167	86966339
1242923059	78577704	96141373
1242923059	78577704	90570801
1242923059	94175286	96141373
1242923059	84475958	79167558
1242923059	90636342	82444364
1242923059	90636342	99352615
1242923059	82444364	99352615
1242923079	84475958	79167558
1242923079	86966339	101253167
1242923079	94175286	74121254
1242923079	103153716	96403504
1242923079	78577704	96141373
1242923079	78577704	90570801
1242923079	101253167	96075854
1242923079	90636342	82444364
1242923079	90636342	99352615
1242923079	82444364	99352615
1242923099	84410433	96075854
1242923099	101253167	96075854
1242923099	103153716	96403504
1242923099	78577704	96141373
1242923099	78577704	90570801
1242923099	90636342	82444364
1242923099	90636342	99352615
1242923099	82444364	99352615
1242923119	101253167	96075854
1242923119	94175286	83558456
1242923119	78577704	90570801
1242923119	90636342	82444364
1242923119	90636342	99352615
1242923119	82444364	99352615
1242923139	84475958	82444364
1242923139	94175286	83558456
1242923139	78577704	96141373
1242923139	78577704	90570801
1242923139	79953932	104792139
1242923139	102694978	90570801
1242923139	90636342	82444364
1242923139	90636342	99352615
1242923139	82444364	99352615
1242923159	78577704	96141373
1242923159	78577704	90570801
1242923159	96075854	100270126
1242923159	90636342	82444364
1242923159	90636342	99352615
1242923159	82444364	99352615
1242923179	103153716	96403504
1242923179	78577704	96141373
1242923179	96075854	100270126
1242923179	90636342	99352615
1242923179	82444364	99352615
1242923199	94175286	83558456
1242923199	102694978	90570801
1242923199	78577704	74121254
1242923199	78577704	96141373
1242923199	96075854	100270126
1242923199	90636342	82444364
1242923199	90636342	99352615
1242923199	82444364	99352615
1242923219	94175286	83558456
1242923219	96075854	100270126
1242923219	100270126	83558456
1242923219	82444364	99352615
1242923239	78577704	96141373
1242923239	96075854	100270126
1242923239	94306371	99352615
1242923239	82444364	99352615
1242923259	78577704	96141373
1242923259	96075854	100270126
1242923259	90636342	82444364
1242923259	90636342	99352615
1242923259	82444364	99352615
1242923279	78577704	96141373
1242923279	96075854	100270126
1242923279	90636342	82444364
1242923279	90636342	99352615
1242923279	82444364	99352615
1242923299	84475958	79167558
1242923299	78577704	96141373
1242923299	79953932	100466730
1242923299	90636342	82444364
1242923319	78577704	96141373
1242923319	94175286	83558456
1242923319	96141373	102694978
1242923319	100270126	83558456
1242923339	84475958	79167558
1242923339	78577704	96141373
1242923339	94306371	90570801
1242923339	103153716	96403504
1242923339	96141373	102694978
1242923339	100270126	83558456
1242923359	94175286	100270126
1242923359	94306371	90570801
1242923359	103153716	96403504
1242923359	78577704	96141373
1242923359	78839877	75104314
1242923359	90636342	99352615
1242923379	84475958	79167558
1242923379	94175286	83558456
1242923379	94306371	90570801
1242923379	103153716	96403504
1242923379	100270126	83558456
1242923379	90636342	99352615
1242923399	84475958	79167558
1242923399	94175286	83558456
1242923399	103153716	96403504
1242923399	95158337	90636342
1242923399	94306371	90570801
1242923419	84475958	79167558
1242923419	96403504	103153716
1242923419	78577704	94306371
1242923419	78577704	102694978
1242923419	94175286	83558456
1242923419	94306371	90570801
1242923419	94306371	102694978
1242923419	95158337	90636342
1242923419	104792139	79953932
1242923419	82444364	99352615
1242923439	94175286	83558456
1242923439	102694978	78577704
1242923439	95158337	90636342
1242923439	101253167	96075854
1242923439	104398913	100466730
1242923439	82444364	99352615
1242923459	102694978	78577704
1242923459	78577704	96141373
1242923459	84475958	79167558
1242923459	104398913	100466730
1242923459	79953932	104792139
1242923479	94175286	83558456
1242923479	94306371	78577704
1242923479	94306371	90570801
1242923479	94306371	102694978
1242923479	78577704	102694978
1242923479	78577704	96141373
1242923479	104398913	100466730
1242923479	96141373	102694978
1242923499	94175286	83558456
1242923499	94306371	104792139
1242923499	94306371	79953932
1242923499	94306371	90570801
1242923499	94306371	78577704
1242923499	103153716	96403504
1242923499	78577704	102694978
1242923499	78577704	96141373
1242923499	101253167	102694978
1242923499	104398913	100466730
1242923499	96141373	102694978
1242923499	100270126	83558456
1242923519	101253167	96075854
1242923519	101253167	78839877
1242923519	101253167	102694978
1242923519	94175286	100270126
1242923519	94175286	83558456
1242923519	102694978	78577704
1242923519	103153716	96403504
1242923519	94306371	100466730
1242923519	94306371	90570801
1242923539	101253167	96075854
1242923539	101253167	78839877
1242923539	101253167	102694978
1242923539	94175286	96141373
1242923539	94175286	78577704
1242923539	94175286	83558456
1242923539	102694978	78577704
1242923539	95158337	99352615
1242923539	78577704	96141373
1242923539	94306371	90570801
1242923539	100270126	83558456
1242923559	84410433	96075854
1242923559	94175286	83558456
1242923559	102694978	78577704
1242923559	103153716	96403504
1242923559	101253167	96075854
1242923559	94306371	90570801
1242923579	84410433	96075854
1242923579	94175286	83558456
1242923579	103153716	96403504
1242923579	78577704	102694978
1242923579	104398913	100466730
1242923599	84410433	96075854
1242923599	103153716	96403504
1242923619	84410433	96075854
1242923619	102694978	78577704
1242923619	94306371	100466730
1242923619	94306371	90570801
1242923619	90570801	100466730
1242923639	86966339	99352615
1242923639	96141373	74121254
1242923639	94306371	100466730
1242923659	101253167	78839877
1242923659	78577704	102694978
1242923679	102694978	78577704
1242923679	95158337	100466730
1242923679	104398913	90570801
1242923679	94306371	90570801
1242923679	100270126	83558456
1242923699	94306371	90570801
1242923699	78577704	102694978
1242923699	84475958	79167558
1242923699	104398913	100466730
1242923699	100270126	83558456
1242923719	84410433	96075854
1242923719	84475958	79167558
1242923719	102694978	78577704
1242923719	101253167	75104314
1242923719	101253167	99352615
1242923719	104398913	100466730
1242923719	96141373	74121254
1242923719	94306371	90570801
1242923739	84410433	96075854
1242923739	84475958	79167558
1242923739	103153716	96403504
1242923739	101253167	75104314
1242923739	104398913	100466730
1242923739	96141373	74121254
1242923739	79953932	99352615
1242923739	94306371	90570801
1242923759	84410433	96075854
1242923759	84475958	79167558
1242923759	78577704	74121254
1242923759	78577704	102694978
1242923759	94306371	90570801
1242923759	86966339	75104314
1242923759	96141373	74121254
1242923759	104792139	79953932
1242923759	100270126	83558456
1242923779	84410433	96075854
1242923779	101253167	74121254
1242923779	86966339	75104314
1242923779	94306371	90570801
1242923779	84475958	79167558
1242923779	100270126	83558456
1242923799	84410433	96075854
1242923799	84475958	79167558
1242923799	78577704	79953932
1242923799	94175286	83558456
1242923799	102694978	74121254
1242923799	101253167	74121254
1242923799	94306371	90570801
1242923819	78577704	79953932
1242923819	94175286	83558456
1242923819	102694978	74121254
1242923819	96141373	74121254
1242923819	94306371	90570801
1242923839	84410433	96075854
1242923839	78577704	96141373
1242923839	78577704	79953932
1242923839	96141373	74121254
1242923839	102694978	74121254
1242923859	84410433	96075854
1242923859	78577704	79953932
1242923859	102694978	74121254
1242923859	96141373	74121254
1242923859	94306371	90570801
1242923879	84410433	96075854
1242923879	78577704	102694978
1242923879	102694978	74121254
1242923879	96141373	74121254
1242923879	94306371	90570801
1242923899	94175286	83558456
1242923899	78577704	102694978
1242923899	96141373	74121254
1242923899	102694978	74121254
1242923919	84475958	79167558
1242923919	78577704	79953932
1242923919	78577704	102694978
1242923919	104792139	79953932
1242923919	102694978	74121254
1242923939	84410433	101253167
1242923939	102694978	74121254
1242923939	78577704	79953932
1242923939	96141373	74121254
1242923959	84410433	101253167
1242923959	94175286	83558456
1242923959	94306371	90570801
1242923959	78577704	79953932
1242923959	96141373	74121254
1242923979	84410433	101253167
1242923979	78577704	74121254
1242923979	94306371	95158337
1242923979	94306371	90570801
1242923979	96141373	74121254
1242923979	104792139	79953932
1242923979	100270126	83558456
1242923999	84410433	101253167
1242923999	78577704	74121254
1242923999	78577704	96141373
1242923999	95158337	94306371
1242923999	104792139	79953932
1242923999	94306371	90570801
1242923999	100270126	83558456
1242924019	84410433	101253167
1242924019	101253167	96075854
1242924019	78577704	96141373
1242924019	94306371	95158337
1242924019	94306371	90570801
1242924019	86966339	75104314
1242924019	104792139	79953932
1242924019	100270126	83558456
1242924039	84410433	101253167
1242924039	101253167	96075854
1242924039	78577704	96141373
1242924039	94306371	95158337
1242924039	94306371	90570801
1242924039	86966339	75104314
1242924039	104792139	79953932
1242924059	101253167	96075854
1242924059	78577704	96141373
1242924059	104792139	79953932
1242924079	78577704	96141373
1242924079	94175286	83558456
1242924079	94175286	102694978
1242924079	101253167	96075854
1242924079	104792139	79953932
1242924099	84475958	79167558
1242924099	78577704	96141373
1242924099	94175286	100270126
1242924099	94175286	83558456
1242924099	78839877	102694978
1242924099	101253167	96075854
1242924099	102694978	100270126
1242924099	100270126	83558456
1242924119	78577704	96141373
1242924119	94175286	100270126
1242924119	94175286	83558456
1242924119	102694978	79953932
1242924119	84475958	79167558
1242924119	96141373	74121254
1242924119	104792139	79953932
1242924139	84475958	79167558
1242924139	94175286	100270126
1242924139	94175286	83558456
1242924139	78577704	96141373
1242924159	78577704	74121254
1242924159	78577704	96141373
1242924159	96141373	74121254
1242924159	79953932	102694978
1242924159	100270126	83558456
1242924179	94175286	100270126
1242924179	94175286	83558456
1242924179	78577704	74121254
1242924179	79953932	102694978
1242924179	83558456	100270126
1242924199	94175286	100270126
1242924199	94175286	83558456
1242924199	86376510	73400387
1242924199	78577704	74121254
1242924199	104792139	79953932
1242924199	79953932	102694978
1242924219	84410433	96075854
1242924219	104792139	79953932
1242924219	94175286	100270126
1242924219	94175286	83558456
1242924219	79953932	102694978
1242924239	94175286	100270126
1242924239	94175286	83558456
1242924239	78577704	74121254
1242924239	78577704	96141373
1242924239	79953932	104792139
1242924239	79953932	102694978
1242924239	100270126	83558456
1242924259	84410433	101253167
1242924259	101253167	96075854
1242924259	101253167	100270126
1242924259	94175286	100270126
1242924259	95158337	78839877
1242924259	78577704	96141373
1242924259	79953932	104792139
1242924279	84410433	101253167
1242924279	101253167	94175286
1242924279	94175286	100270126
1242924279	94175286	83558456
1242924279	78577704	96141373
1242924279	79953932	102694978
1242924299	84410433	101253167
1242924299	101253167	100270126
1242924299	101253167	96075854
1242924299	94175286	100270126
1242924299	94175286	83558456
1242924299	102694978	79953932
1242924299	100270126	83558456
1242924319	84410433	101253167
1242924319	94175286	101253167
1242924319	94175286	100270126
1242924319	78577704	74121254
1242924319	100270126	83558456
1242924339	101253167	96075854
1242924339	104792139	79953932
1242924339	94175286	100270126
1242924339	78577704	74121254
1242924339	79953932	102694978
1242924359	84410433	96075854
1242924359	101253167	96075854
1242924359	94175286	100270126
1242924359	78577704	74121254
1242924359	78577704	96141373
1242924359	79953932	104792139
1242924359	83558456	100270126
1242924379	84410433	101253167
1242924379	101253167	96075854
1242924379	94175286	100270126
1242924379	102694978	79953932
1242924379	78577704	96141373
1242924379	100270126	83558456
1242924399	84410433	101253167
1242924399	101253167	96075854
1242924399	94175286	100270126
1242924399	94175286	83558456
1242924399	86376510	73400387
1242924399	78577704	74121254
1242924399	104792139	79953932
1242924399	100270126	83558456
1242924419	84410433	96075854
1242924419	84410433	78839877
1242924419	101253167	96075854
1242924419	94175286	100270126
1242924419	94175286	83558456
1242924419	78577704	96141373
1242924419	78839877	96075854
1242924419	104792139	79953932
1242924419	100270126	83558456
1242924439	84410433	78839877
1242924439	94175286	83558456
1242924439	102694978	79953932
1242924439	86376510	73400387
1242924439	78577704	96141373
1242924439	104398913	90570801
1242924439	79953932	104792139
1242924459	84410433	78839877
1242924459	86376510	73400387
1242924459	78577704	96141373
1242924459	79953932	102694978
1242924479	78577704	74121254
1242924479	78577704	96141373
1242924479	104398913	90570801
1242924499	84475958	79167558
1242924499	94175286	83558456
1242924499	86376510	73400387
1242924499	78577704	74121254
1242924499	78577704	96141373
1242924499	104398913	90570801
1242924499	79953932	104792139
1242924499	100270126	83558456
1242924519	78577704	96141373
1242924519	84475958	79167558
1242924519	79953932	104792139
1242924519	83558456	100270126
1242924539	94175286	100270126
1242924539	94175286	83558456
1242924539	104792139	79953932
1242924539	79953932	102694978
1242924539	100270126	83558456
1242924559	94175286	100270126
1242924559	94175286	83558456
1242924559	104792139	79953932
1242924559	100270126	83558456
1242924579	94175286	83558456
1242924579	78577704	74121254
1242924579	78577704	96141373
1242924579	96141373	74121254
1242924579	79953932	104792139
1242924579	82444365	83034186
1242924599	94175286	83558456
1242924599	94175286	94306371
1242924599	86376510	73400387
1242924599	78577704	74121254
1242924599	78577704	96141373
1242924599	104398913	90570801
1242924619	94175286	83558456
1242924619	94175286	94306371
1242924619	102694978	79953932
1242924619	86376510	73400387
1242924619	78577704	74121254
1242924619	78577704	96141373
1242924639	94175286	83558456
1242924639	94175286	94306371
1242924639	94306371	83558456
1242924639	86376510	73400387
1242924639	78577704	74121254
1242924639	78577704	96141373
1242924639	78970955	83034186
1242924639	96141373	74121254
1242924639	79953932	102694978
1242924639	79953932	104792139
1242924659	94175286	83558456
1242924659	94306371	83558456
1242924659	78577704	74121254
1242924659	78577704	96141373
1242924659	78970955	82444365
1242924659	82444365	83034186
1242924679	86966339	75104314
1242924679	94175286	83558456
1242924679	94175286	94306371
1242924679	94306371	83558456
1242924679	86376510	73400387
1242924679	78577704	74121254
1242924679	78970955	96403505
1242924679	79953932	102694978
1242924679	82444365	83034186
1242924699	94175286	83558456
1242924699	94175286	94306371
1242924699	102694978	79953932
1242924699	86376510	73400387
1242924699	78577704	74121254
1242924699	96403505	82444365
1242924699	88604720	78970955
1242924699	94306371	83558456
1242924699	82444365	99352616
1242924719	94175286	83558456
1242924719	94175286	94306371
1242924719	94306371	83558456
1242924719	78577704	74121254
1242924719	78970955	83034186
1242924719	82444365	83034186
1242924739	94175286	83558456
1242924739	94175286	94306371
1242924739	94306371	83558456
1242924739	78577704	74121254
1242924739	78577704	96141373
1242924739	82444365	83034186
1242924759	94175286	83558456
1242924759	94175286	94306371
1242924759	102694978	79953932
1242924759	78577704	74121254
1242924759	78577704	96141373
1242924759	96403505	88604720
1242924759	96403505	82444365
1242924759	94306371	83558456
1242924779	94175286	83558456
1242924779	94306371	83558456
1242924779	86376510	73400387
1242924779	78577704	74121254
1242924779	78577704	96141373
1242924779	84475958	79167558
1242924779	96141373	74121254
1242924779	96403505	88604720
1242924779	79953932	102694978
1242924799	94175286	83558456
1242924799	86376510	73400387
1242924799	78577704	74121254
1242924799	78577704	96141373
1242924799	78839877	101253167
1242924799	101253167	79167558
1242924799	96141373	74121254
1242924799	88604720	96403505
1242924799	94306371	83558456
1242924819	94175286	83558456
1242924819	86376510	73400387
1242924819	78577704	74121254
1242924819	78577704	96141373
1242924819	96403505	88604720
1242924819	94306371	83558456
1242924819	82444365	83034186
1242924839	84410433	96075854
1242924839	83558456	94175286
1242924839	86376510	73400387
1242924839	96403505	88604720
1242924839	82444365	83034186
1242924859	94175286	83558456
1242924859	94175286	94306371
1242924859	86376510	73400387
1242924859	78577704	96141373
1242924859	78839877	100270126
1242924859	78970955	88604720
1242924859	96075854	100270126
1242924859	96403505	88604720
1242924859	82444365	83034186
1242924879	78577704	100270126
1242924879	78577704	74121254
1242924879	78577704	96141373
1242924879	94175286	94306371
1242924879	102694978	79953932
1242924879	78970955	96403505
1242924879	100270126	74121254
1242924899	86966339	75104314
1242924899	94175286	94306371
1242924899	102694978	79953932
1242924899	78577704	100270126
1242924899	78577704	74121254
1242924899	78839877	74121254
1242924899	78839877	96141373
1242924899	100270126	74121254
1242924919	94175286	94306371
1242924919	94306371	83558456
1242924919	78577704	74121254
1242924919	78577704	96141373
1242924919	78970955	83034186
1242924939	94175286	94306371
1242924939	102694978	79953932
1242924939	86376510	73400387
1242924939	78577704	100270126
1242924939	78577704	74121254
1242924939	96141373	74121254
1242924939	96403505	88604720
1242924939	94306371	83558456
1242924959	78577704	96141373
1242924959	96403505	88604720
1242924959	79953932	102694978
1242924959	79953932	104792139
1242924979	102694978	79953932
1242924979	86376510	73400387
1242924979	78577704	79167558
1242924979	96141373	74121254
1242924979	96403505	88604720
1242924979	79953932	104792139
1242924979	79167558	74121254
1242924979	94306371	90570801
1242924979	90570801	100466730
1242924999	94306371	100466730
1242924999	102694978	79953932
1242924999	96403505	88604720
1242924999	90570801	100466730
1242924999	82444365	83034186
1242925019	83558456	94175286
1242925019	86376510	73400387
1242925019	94306371	90570801
1242925019	90570801	100466730
1242925019	82444365	83034186
1242925039	96403505	88604720
1242925039	94306371	90570801
1242925039	78839877	100270126
1242925039	104398913	100466730
1242925039	90570801	100466730
1242925039	82444365	83034186
1242925059	94306371	90570801
1242925059	78577704	74121254
1242925059	78839877	100270126
1242925059	96403505	88604720
1242925059	82444365	83034186
1242925079	94175286	83558456
1242925079	78577704	74121254
1242925079	88604720	96403505
1242925079	82444365	83034186
1242925099	78577704	74121254
1242925099	78839877	100270126
1242925119	86376510	73400387
1242925119	78577704	74121254
1242925139	94175286	83558456
1242925139	94175286	79953932
1242925159	94175286	83558456
1242925159	86376510	73400387
1242925179	102694978	86376510
1242925179	96403505	88604720
1242925199	78839877	100270126
1242925199	78839877	96075854
1242925199	78970955	104333363
1242925219	94175286	83558456
1242925219	78577704	74121254
1242925219	78839877	96075854
1242925219	78839877	83558456
1242925219	96075854	74121254
1242925219	96075854	83558456
1242925219	82444365	83034186
1242925239	101253167	96075854
1242925239	101253167	79953932
1242925239	101253167	104792139
1242925239	78577704	74121254
1242925239	78577704	96141373
1242925239	96075854	79953932
1242925239	88604720	96403505
1242925259	101253167	96075854
1242925259	78577704	74121254
1242925259	78577704	78839877
1242925259	96075854	79953932
1242925259	96141373	74121254
1242925259	79953932	74121254
1242925259	82444365	83034186
1242925259	74121254	104792139
1242925279	101253167	73400387
1242925279	101253167	96075854
1242925279	101253167	78970955
1242925279	104792139	79953932
1242925279	78577704	74121254
1242925279	78577704	79953932
1242925279	78839877	78970955
1242925279	82444365	83034186
1242925299	101253167	88604720
1242925299	101253167	82444365
1242925299	101253167	96075854
1242925299	96403505	88604720
1242925299	78577704	74121254
1242925299	78577704	79953932
1242925299	78577704	78970955
1242925299	104923214	79167558
1242925299	79953932	74121254
1242925299	88604720	82444365
1242925299	90636342	82444365
1242925319	101253167	88604720
1242925319	101253167	96075854
1242925319	101253167	82444365
1242925319	78577704	74121254
1242925319	78577704	96141373
1242925319	78577704	79953932
1242925319	78577704	78970955
1242925319	78970955	74121254
1242925319	96075854	82444365
1242925319	90636342	82444365
1242925339	101253167	88604720
1242925339	101253167	82444365
1242925339	101253167	96075854
1242925339	78577704	79953932
1242925339	78839877	96403505
1242925339	96075854	82444365
1242925339	96141373	74121254
1242925339	88604720	82444365
1242925339	90636342	82444365
1242925359	96075854	82444365
1242925359	96141373	74121254
1242925359	88604720	82444365
1242925359	90636342	82444365
1242925379	101253167	96075854
1242925379	101253167	96403505
1242925379	78577704	74121254
1242925379	78577704	96141373
1242925379	96075854	82444365
1242925379	96141373	74121254
1242925379	88604720	82444365
1242925379	90636342	82444365
1242925379	82444365	83034186
1242925399	101253167	96075854
1242925399	101253167	96403505
1242925399	96403505	82444365
1242925399	94502969	95158337
1242925399	96075854	82444365
1242925399	96141373	74121254
1242925399	104923214	79167558
1242925399	90636342	82444365
1242925399	82444365	83034186
1242925419	101253167	96075854
1242925419	78577704	96141373
1242925419	104136752	90570801
1242925419	90636342	82444365
1242925439	101253167	96403505
1242925439	78577704	74121254
1242925439	78577704	96141373
1242925439	96141373	74121254
1242925439	104923214	79167558
1242925439	90636342	82444365
1242925459	101253167	88604720
1242925459	101253167	82444365
1242925459	101253167	96403505
1242925459	78577704	96141373
1242925459	104398913	100466730
1242925459	96141373	74121254
1242925479	101253167	88604720
1242925479	101253167	96403505
1242925479	96403505	88604720
1242925479	104398913	100466730
1242925479	96141373	74121254
1242925499	94502969	95158337
1242925499	79167558	104923214
1242925499	96141373	74121254
1242925499	82444365	100270126
1242925499	82444365	83034186
1242925499	83034186	100270126
1242925519	84410433	101253167
1242925519	84410433	96075854
1242925519	101253167	96403505
1242925519	78577704	96141373
1242925519	104333363	73400387
1242925519	96141373	74121254
1242925519	88604720	96403505
1242925519	90636342	82444365
1242925519	90636342	100270126
1242925539	84410433	101253167
1242925539	101253167	96075854
1242925539	78577704	74121254
1242925539	78577704	96141373
1242925539	79167558	104923214
1242925539	96141373	74121254
1242925539	88604720	96403505
1242925559	84410433	101253167
1242925559	78577704	96141373
1242925559	79167558	104923214
1242925559	90636342	100270126
1242925579	84410433	101253167
1242925579	78577704	96141373
1242925579	90636342	100270126
1242925579	82444365	100270126
1242925599	84410433	101253167
1242925599	101253167	96075854
1242925599	78577704	96141373
1242925599	96403505	99352616
1242925599	104923214	79167558
1242925599	82444365	100270126
1242925619	84410433	101253167
1242925619	94175286	83558456
1242925619	78577704	79953932
1242925619	96141373	79953932
1242925619	104923214	79167558
1242925619	99352616	96403505
1242925639	84410433	101253167
1242925639	78577704	96141373
1242925639	104923214	79167558
1242925639	88604720	96403505
1242925639	99352616	96403505
1242925659	94175286	83558456
1242925659	79167558	104923214
1242925659	88604720	96403505
1242925679	84410433	101253167
1242925679	79167558	104923214
1242925679	96403505	88604720
1242925679	96403505	99352616
1242925699	84410433	101253167
1242925699	94175286	83558456
1242925699	78577704	96141373
1242925699	104923214	79167558
1242925719	84410433	101253167
1242925719	101253167	96075854
1242925719	94175286	83558456
1242925719	78577704	96141373
1242925739	84410433	96075854
1242925739	101253167	96075854
1242925739	104398913	100466730
1242925739	96403505	88604720
1242925739	96403505	99352616
1242925759	96403505	88604720
1242925759	94175286	83558456
1242925759	78970955	73400387
1242925779	104923214	79167558
1242925779	88604720	96403505
1242925799	78577704	82444365
1242925799	96141373	82444365
1242925799	90636342	82444365
1242925819	94175286	83558456
1242925819	96141373	82444365
1242925819	96141373	74121254
1242925819	88604720	96403505
1242925819	90636342	82444365
1242925819	82444365	83034186
1242925839	96141373	74121254
1242925839	90636342	82444365
1242925839	82444365	74121254
1242925839	82444365	83034186
1242925859	104333363	73400387
1242925859	90636342	82444365
1242925859	82444365	74121254
1242925879	94175286	83558456
1242925879	82444365	83034186
1242925899	104333363	78970955
1242925939	94175286	83558456
1242925939	78577704	74121254
1242925959	78577704	96141373
1242925979	94175286	83558456
1242925979	78577704	96141373
1242926019	94175286	83558456
1242926039	104398913	100466730
1242926039	96141373	74121254
1242926059	104792139	79953932
1242926059	94175286	83558456
1242926059	104398913	100466730
1242926079	82444365	83034186
1242926079	94175286	83558456
1242926099	83558456	74121254
1242926099	83558456	96141373
1242926099	83558456	94175286
1242926099	83558456	78577704
1242926099	100466730	104398913
1242926099	74121254	96141373
1242926099	74121254	94175286
1242926099	74121254	78577704
1242926099	78577704	96141373
1242926099	78577704	94175286
1242926099	96141373	94175286
1242926119	96403505	88604720
1242926119	94175286	74121254
1242926119	94175286	96141373
1242926119	94175286	78577704
1242926119	94175286	83558456
1242926119	78577704	74121254
1242926119	78577704	96141373
1242926119	78577704	83558456
1242926119	104398913	100466730
1242926119	96141373	83558456
1242926139	100466730	104398913
1242926159	104398913	100466730
1242926179	104923214	79167558
1242926179	104398913	100466730
1242926199	104923214	79167558
1242926219	104923214	79167558
1242926239	104398913	100466730
1242926259	104923214	79167558
1242926259	88604720	96403505
1242926279	88604720	96403505
1242926319	88604720	96403505
1242926319	99352616	96403505
1242926339	88604720	96403505
1242926339	99352616	96403505
1242926399	104923214	79167558
1242926419	104923214	79167558
1242926419	88604720	96403505
1242926419	82444365	83034186
1242926419	99352616	96403505
1242926439	104923214	79167558
1242926439	88604720	96403505
1242926439	99352616	96403505
1242926439	82444365	83034186
1242926459	104923214	79167558
1242926459	88604720	96403505
1242926459	99352616	96403505
1242926479	104923214	83034186
1242926479	88604720	99352616
1242926479	88604720	96403505
1242926479	82444365	83034186
1242926479	99352616	96403505
1242926499	104923214	83034186
1242926499	82444365	83034186
1242926519	88604720	96403505
1242926519	82444365	83034186
1242926519	104398913	100466730
1242926539	88604720	96403505
1242926539	99352616	96403505
1242926539	104398913	100466730
1242926559	104398913	100466730
1242926579	104923214	79167558
1242926699	88604720	96403505
1242926699	78381127	78970955
1242926699	100270126	78970955
1242926719	78970955	100270126
1242926719	88604720	96403505
1242926719	78381127	100270126
1242926739	99352616	96403505
1242926739	78381127	100270126
1242926739	100270126	78970955
1242926759	78381127	100270126
1242926759	100270126	78970955
1242926779	78381127	100270126
1242926779	78381127	104529982
1242926779	78381127	78970955
1242926779	78970955	100270126
1242926799	104529982	78381127
1242926799	100270126	78970955
1242926819	104529982	78381127
1242926819	90636342	82444365
1242926819	88604720	96403505
1242926819	99352616	96403505
1242926819	78970955	100270126
1242926839	104529982	78381127
1242926839	90636342	82444365
1242926839	88604720	96403505
1242926859	90636342	82444365
1242926859	88604720	96403505
1242926859	78381127	104529982
1242926879	104923214	79167558
1242926879	90636342	82444365
1242926879	88604720	96403505
1242926879	99352616	96403505
1242926899	90636342	82444365
1242926899	88604720	96403505
1242926899	96403505	99352616
1242926919	90636342	82444365
1242926919	88604720	96403505
1242926919	99352616	96403505
1242926939	90636342	82444365
1242926939	88604720	96403505
1242926939	104398913	100466730
1242926959	88604720	96403505
1242926979	88604720	96403505
1242926979	99352616	96403505
1242926999	88604720	99352616
1242926999	88604720	96403505
1242926999	96403505	99352616
1242927019	88604720	96403505
1242927019	99352616	96403505
1242927039	104923214	79167558
1242927039	88604720	96403505
1242927039	99352616	96403505
1242927039	82444365	83034186
1242927059	104923214	79167558
1242927059	88604720	96403505
1242927059	99352616	96403505
1242927079	88604720	99352616
1242927079	88604720	96403505
1242927079	99352616	96403505
1242927079	82444365	83034186
1242927079	104398913	100466730
1242927099	82444365	83034186
1242927099	78381127	104529982
1242927099	104398913	100466730
1242927119	104923214	79167558
1242927119	104398913	100466730
1242927139	104923214	79167558
1242927139	82444365	83034186
1242927139	99352616	96403505
1242927139	104398913	100466730
1242927159	88604720	96403505
1242927159	99352616	96403505
1242927179	88604720	96403505
1242927179	82444365	83034186
1242927199	88604720	96403505
1242927199	104398913	100466730
1242927219	104923214	78381127
1242927219	90570801	104529982
1242927219	78381127	79167558
1242927219	78381127	104529982
1242927219	99352616	96403505
1242927219	104398913	100466730
1242927239	104923214	104529982
1242927239	104923214	78381127
1242927239	104923214	90570801
1242927239	90570801	104529982
1242927239	90570801	78381127
1242927239	88604720	96403505
1242927239	78381127	79167558
1242927239	78381127	104529982
1242927239	104398913	100466730
1242927259	104923214	104529982
1242927259	88604720	96403505
1242927259	104398913	100466730
1242927279	88604720	96403505
1242927299	100466730	104398913
1242927319	88604720	96403505
1242927319	100466730	104398913
1242927319	99352616	96403505
1242927339	104923214	104529982
1242927339	104923214	78381127
1242927339	88604720	96403505
1242927339	104398913	100466730
1242927359	104923214	104529982
1242927359	104923214	78381127
1242927359	104529982	78381127
1242927359	104398913	100466730
1242927379	104923214	79167558
1242927379	90570801	95158337
1242927379	78381127	104529982
1242927379	104398913	100466730
1242927399	104923214	79167558
1242927399	90570801	95158337
1242927399	78381127	104529982
1242927399	104398913	100466730
1242927419	88604720	96403505
1242927419	104398913	100466730
1242927439	104923214	104136752
1242927439	88604720	96403505
1242927439	99352616	96403505
1242927439	104398913	100466730
1242927459	88604720	96403505
1242927459	99352616	96403505
1242927459	104398913	100466730
1242927479	88604720	96403505
1242927479	99352616	96403505
1242927479	104398913	100466730
1242927499	88604720	96403505
1242927499	99352616	96403505
1242927499	104398913	100466730
1242927519	90636342	104398913
1242927519	88604720	96403505
1242927519	99352616	96403505
1242927519	78381127	104529982
1242927519	104398913	100466730
1242927539	88604720	96403505
1242927539	78381127	104529982
1242927539	100466730	104398913
1242927559	88604720	99352616
1242927559	88604720	96403505
1242927559	78381127	104529982
1242927579	90636342	100466730
1242927579	88604720	96403505
1242927579	99352616	96403505
1242927579	78381127	104529982
1242927599	88604720	96403505
1242927599	99352616	96403505
1242927619	88604720	96403505
1242927639	88604720	96403505
1242927639	78381127	104529982
1242927679	104398913	99352616
1242927699	90636342	100466730
1242927699	88604720	96403505
1242927699	100466730	104398913
1242927719	88604720	96403505
1242927739	88604720	96403505
1242927759	88604720	96403505
1242927759	100466730	104398913
1242927779	88604720	96403505
1242927799	88604720	96403505
1242927819	88604720	96403505
1242927839	90636342	104529982
1242927839	100466730	104398913
1242927859	90636342	104529982
1242927859	88604720	96403505
1242927879	90636342	104529982
1242927879	88604720	96403505
1242927899	88604720	96403505
1242927919	90636342	104529982
1242927919	100466730	104398913
1242927939	100466730	104398913
1242927959	100466730	104398913
1242927999	100466730	104398913
1242928019	78381127	104529982
1242928039	100466730	104398913
1242928059	78381127	104529982
1242928059	100466730	104398913
1242928079	78381127	104529982
1242928079	78381127	100466730
1242928079	100466730	104529982
1242928099	88604720	96403505
1242928099	78381127	104529982
1242928099	78381127	100466730
1242928099	100466730	104529982
1242928119	88604720	96403505
1242928119	78381127	104529982
1242928219	88604720	96403505
1242928619	88604720	96403505
1242928639	88604720	96403505
