1244715779	90570830	96403545
1244715819	90570830	96403545
1244715839	90570830	96403545
1244715859	90570830	96403545
1244715879	90570830	96403545
1244715899	90570830	96403545
1244715919	90570830	96403545
1244715939	90570830	96403545
1244715979	90570830	96403545
1244716059	90570830	96403545
1244716139	90570830	96403545
1244716179	90570830	96403545
1244716199	90570830	96403545
1244716219	90570830	96403545
1244716239	90570830	96403545
1244716259	90570830	96403545
1244716279	90570830	96403545
1244716299	90570830	96403545
1244716319	90570830	96403545
1244716339	90570830	96403545
1244716359	90570830	96403545
1244716379	90570830	96403545
1244716479	90570830	96403545
1244716839	78119000	96403546
1244716859	78119000	99352658
1244716859	78119000	96403546
1244716859	99352658	96403546
1244716879	78119000	99352658
1244716879	78119000	96403546
1244716879	99352658	96403546
1244716899	78119000	99352658
1244716899	78119000	96403546
1244716899	99352658	96403546
1244716919	78119000	99352658
1244716939	99352658	96403546
1244716959	99352658	96403546
1244716979	78119000	96403546
1244717039	78119000	99352658
1244717039	78119000	96403546
1244717039	99352658	96403546
1244717059	78119000	99352658
1244717059	78119000	96403546
1244717059	99352658	96403546
1244717079	78119000	99352658
1244717079	78119000	96403546
1244717079	99352658	96403546
1244717099	78119000	99352658
1244717119	78119000	99352658
1244717119	99352658	96403546
1244717139	99352658	96403546
1244717159	99352658	96403546
1244717179	99352658	96403546
1244717219	99352658	96403546
1244717239	78119000	99352658
1244717239	99352658	96403546
1244717259	99352658	96403546
1244717279	99352658	96403546
1244717299	99352658	96403546
1244717319	78119000	99352658
1244717339	78119000	99352658
1244717359	78119000	99352658
1244717359	78119000	96403546
1244717359	99352658	96403546
1244717379	78119000	99352658
1244717379	99352658	96403546
1244717399	78119000	96403546
1244717419	78119000	96403546
1244717439	78119000	99352658
1244717439	78119000	96403546
1244717439	99352658	96403546
1244717459	78119000	96403546
1244717479	78119000	99352658
1244717479	99352658	96403546
1244717499	78119000	99352658
1244717519	78119000	99352658
1244717539	78119000	99352658
1244717559	78119000	99352658
1244717579	78119000	99352658
1244717639	78119000	99352658
1244717659	78119000	99352658
1244717679	78119000	99352658
1244717699	78119000	99352658
1244717699	99352658	96403546
1244717719	99352658	96403546
1244717739	78119000	96403546
1244717739	99352658	96403546
1244717759	78119000	99352658
1244717759	99352658	96403546
1244717779	78119000	96403546
1244717779	99352658	96403546
1244718079	78119000	96403546
1244718139	78119000	96403546
1244718159	90636395	100335718
1244718179	90636395	100335718
1244718179	90636395	104202335
1244718179	104202335	100335718
1244718199	90636395	100335718
1244718219	78119000	96403546
1244718219	104202335	100335718
1244718239	104202335	100335718
1244718259	90636395	100335718
1244718259	90636395	104202335
1244718279	90636395	100335718
1244718279	90636395	104202335
1244718279	104202335	100335718
1244718299	90636395	100335718
1244718299	90636395	104202335
1244718299	78119000	96403546
1244718299	104202335	100335718
1244718319	104202335	100335718
1244718339	90636395	100335718
1244718339	90636395	104202335
1244718339	104202335	100335718
1244718359	90636395	100335718
1244718359	90636395	104202335
1244718359	104202335	100335718
1244718379	90636395	100335718
1244718379	90636395	104202335
1244718379	99352658	96403546
1244718379	104202335	100335718
1244718399	90636395	100335718
1244718399	90636395	104202335
1244718399	78119000	99352658
1244718399	99352658	96403546
1244718399	104202335	100335718
1244718419	90636395	100335718
1244718419	90636395	104202335
1244718419	78119000	96403546
1244718419	99352658	96403546
1244718419	104202335	100335718
1244718439	90636395	100335718
1244718439	90636395	104202335
1244718439	78119000	99352658
1244718439	99352658	96403546
1244718439	104202335	100335718
1244718459	90636395	100335718
1244718459	90636395	104202335
1244718459	78119000	99352658
1244718459	99352658	96403546
1244718459	104202335	100335718
1244718479	90636395	100335718
1244718479	78119000	99352658
1244718479	99352658	96403546
1244718479	104202335	100335718
1244718499	90636395	100335718
1244718499	78119000	99352658
1244718499	99352658	96403546
1244718499	104202335	100335718
1244718519	90636395	100335718
1244718519	90636395	104202335
1244718519	78119000	99352658
1244718519	99352658	96403546
1244718519	104202335	100335718
1244718539	90636395	100335718
1244718539	90636395	104202335
1244718539	78119000	99352658
1244718539	99352658	96403546
1244718539	104202335	100335718
1244718559	90636395	100335718
1244718559	78119000	96403546
1244718559	99352658	96403546
1244718559	104202335	100335718
1244718579	90636395	100335718
1244718579	78119000	99352658
1244718579	78119000	96403546
1244718579	99352658	96403546
1244718579	104202335	100335718
1244718599	90636395	100335718
1244718599	90636395	104202335
1244718599	78119000	99352658
1244718599	99352658	96403546
1244718599	104202335	100335718
1244718619	104202335	100335718
1244718639	90636395	100335718
1244718639	78119000	96403546
1244718639	99352658	96403546
1244718639	104202335	100335718
1244718659	90636395	100335718
1244718659	90636395	104202335
1244718659	104202335	100335718
1244718679	90636395	100335718
1244718679	78119000	99352658
1244718679	78119000	96403546
1244718679	99352658	96403546
1244718699	90636395	104202335
1244718699	99352658	96403546
1244718699	104202335	100335718
1244718719	90636395	100335718
1244718719	90636395	104202335
1244718719	99352658	96403546
1244718719	104202335	100335718
1244718739	98631767	101253211
1244718739	90636395	100335718
1244718739	90636395	104202335
1244718739	78119000	99352658
1244718739	78119000	96403546
1244718739	99352658	96403546
1244718739	104202335	100335718
1244718759	98631767	101253211
1244718759	90636395	100335718
1244718759	90636395	104202335
1244718759	78119000	99352658
1244718759	78119000	96403546
1244718759	99352658	96403546
1244718759	104202335	100335718
1244718779	98631767	101253211
1244718779	98631767	77267059
1244718779	100335718	99352658
1244718779	100335718	90636395
1244718779	90636395	99352658
1244718779	78119000	99352658
1244718779	78119000	96403546
1244718779	101253211	77267059
1244718779	99352658	96403546
1244718799	90636395	100335718
1244718799	99352658	100335718
1244718799	99352658	96403546
1244718799	104202335	100335718
1244718819	98631767	101253211
1244718819	98631767	77267059
1244718819	77267059	101253211
1244718819	99352658	96403546
1244718819	104202335	100335718
1244718839	98631767	101253211
1244718839	90636395	100335718
1244718839	90636395	104202335
1244718839	104202335	100335718
1244718859	98631767	77267059
1244718859	78119000	99352658
1244718859	101253211	77267059
1244718859	99352658	96403546
1244718879	98631767	77267059
1244718879	78119000	99352658
1244718879	78119000	96403546
1244718879	101253211	77267059
1244718879	99352658	96403546
1244718899	98631767	77267059
1244718899	77267059	101253211
1244718899	78119000	99352658
1244718899	78119000	96403546
1244718899	99352658	96403546
1244718899	104202335	100335718
1244718919	98631767	77267059
1244718919	77267059	101253211
1244718919	90636395	100335718
1244718919	99352658	96403546
1244718939	98631767	77267059
1244718939	78119000	96403546
1244718939	101253211	77267059
1244718939	99352658	96403546
1244718959	98631767	101253211
1244718959	78119000	96403546
1244718979	98631767	101253211
1244718979	90636395	100335718
1244718979	78119000	99352658
1244718979	78119000	96403546
1244718979	99352658	96403546
1244718999	100335718	90636395
1244719019	90636395	100335718
1244719039	77267059	101253211
1244719039	90636395	100335718
1244719059	90636395	104202335
1244719059	101253211	77267059
1244719059	74514552	78184532
1244719079	98631767	101253211
1244719079	98631767	77267059
1244719079	77267059	101253211
1244719079	90636395	100335718
1244719079	78184532	74514552
1244719099	98631767	101253211
1244719099	98631767	77267059
1244719099	100335718	104202335
1244719099	100335718	90636395
1244719099	90636395	104202335
1244719099	101253211	77267059
1244719099	74514552	78184532
1244719119	100335718	104202335
1244719119	100335718	90636395
1244719119	90636395	104202335
1244719119	78184532	74514552
1244719119	101253211	77267059
1244719139	98631767	101253211
1244719139	77267059	101253211
1244719139	90636395	100335718
1244719139	90636395	104202335
1244719139	74514552	78184532
1244719139	104202335	100335718
1244719159	98631767	101253211
1244719159	77267059	101253211
1244719159	74514552	78184532
1244719179	98631767	101253211
1244719179	78184532	74514552
1244719199	101253211	77267059
1244719219	98631767	77267059
1244719219	77267059	101253211
1244719219	78184532	74514552
1244719239	98631767	101253211
1244719239	78184532	74514552
1244719259	98631767	101253211
1244719259	78184532	74514552
1244719279	98631767	101253211
1244719299	98631767	101253211
1244719299	90636395	100335718
1244719319	100335718	104202335
1244719319	100335718	90636395
1244719319	74514552	78184532
1244719339	90636395	100335718
1244719339	104202335	100335718
1244719359	78184532	74514552
1244719359	104202335	100335718
1244719379	98631767	101253211
1244719379	100335718	104202335
1244719379	78184532	74514552
1244719399	98631767	101253211
1244719399	74514552	78184532
1244719419	104202335	100335718
1244719439	98631767	101253211
1244719439	98631767	77267059
1244719439	100335718	104202335
1244719439	101253211	77267059
1244719459	98631767	101253211
1244719459	98631767	77267059
1244719459	100335718	104202335
1244719459	74514552	78184532
1244719519	98631767	101253211
1244719519	100335718	104202335
1244719519	101253211	77267059
1244719539	98631767	101253211
1244719539	77267059	101253211
1244719559	98631767	101253211
1244719559	77267059	101253211
1244719579	98631767	101253211
1244719579	77267059	101253211
1244719579	104202335	100335718
1244719599	98631767	101253211
1244719619	98631767	101253211
1244719619	98631767	77267059
1244719619	77267059	101253211
1244719619	104202335	100335718
1244719639	98631767	101253211
1244719639	77267059	101253211
1244719639	78119001	99352659
1244719659	98631767	101253211
1244719679	90636395	100335718
1244719699	90636395	100335718
1244719699	104202335	100335718
1244719719	90636395	100335718
1244719759	90636395	100335718
1244719779	98631767	101253211
1244719779	90636395	100335718
1244719779	104202335	100335718
1244719799	98631767	101253211
1244719799	104202335	100335718
1244719819	98631767	101253211
1244719819	100335718	104202335
1244719819	100335718	90636395
1244719839	98631767	101253211
1244719839	90636395	100335718
1244719839	104202335	100335718
1244719859	98631767	101253211
1244719859	98631767	77267059
1244719859	77267059	101253211
1244719859	90636395	100335718
1244719859	104202335	100335718
1244719879	98631767	101253211
1244719879	77267059	101253211
1244719879	90636395	100335718
1244719919	98631767	77267059
1244719939	98631767	77267059
1244719939	100335718	104202335
1244719959	98631767	77267059
1244719979	98631767	77267059
1244719979	104202335	100335718
1244719999	98631767	77267059
1244719999	104202335	100335718
1244720019	98631767	77267059
1244720019	100335718	104202335
1244720039	98631767	77267059
1244720039	100335718	104202335
1244720039	101253211	77267059
1244720059	98631767	101253211
1244720059	98631767	77267059
1244720059	100335718	104202335
1244720079	98631767	101253211
1244720079	98631767	77267059
1244720079	77267059	101253211
1244720079	104202335	100335718
1244720099	98631767	101253211
1244720099	98631767	77267059
1244720099	100335718	104202335
1244720099	101253211	77267059
1244720119	98631767	101253211
1244720119	98631767	77267059
1244720119	77267059	101253211
1244720139	98631767	101253211
1244720139	98631767	77267059
1244720139	77267059	101253211
1244720159	98631767	77267059
1244720159	77267059	101253211
1244720159	104202335	100335718
1244720179	98631767	101253211
1244720179	77267059	101253211
1244720179	104202335	100335718
1244720199	98631767	101253211
1244720199	100335718	104202335
1244720199	100335718	90636395
1244720199	101253211	77267059
1244720219	98631767	101253211
1244720219	98631767	77267059
1244720219	100335718	104202335
1244720219	100335718	90636395
1244720219	101253211	77267059
1244720219	74514553	96403547
1244720239	98631767	101253211
1244720239	98631767	77267059
1244720239	100335718	104202335
1244720239	100335718	90636395
1244720239	101253211	77267059
1244720239	74514553	96403547
1244720259	98631767	101253211
1244720259	98631767	77267059
1244720259	77267059	101253211
1244720259	74514553	96403547
1244720259	104202335	100335718
1244720279	98631767	101253211
1244720279	98631767	77267059
1244720279	77267059	101253211
1244720279	74514553	96403547
1244720279	104202335	100335718
1244720299	98631767	101253211
1244720299	98631767	77267059
1244720299	101253211	77267059
1244720299	74514553	96403547
1244720319	98631767	101253211
1244720319	98631767	77267059
1244720319	77267059	101253211
1244720319	74514553	96403547
1244720319	104202335	100335718
1244720339	98631767	77267059
1244720339	77267059	101253211
1244720339	74514553	96403547
1244720339	104202335	100335718
1244720359	98631767	101253211
1244720359	98631767	77267059
1244720359	77267059	101253211
1244720359	74514553	96403547
1244720359	104202335	100335718
1244720379	98631767	101253211
1244720379	98631767	77267059
1244720379	77267059	101253211
1244720379	74514553	96403547
1244720399	98631767	77267059
1244720399	101253211	77267059
1244720399	74514553	96403547
1244720419	74514553	96403547
1244720439	77267059	101253211
1244720439	74514553	96403547
1244720439	104202335	100335718
1244720459	100335718	104202335
1244720459	100335718	90636395
1244720459	74514553	96403547
1244720479	98631767	77267059
1244720479	77267059	101253211
1244720479	74514553	96403547
1244720479	104202335	100335718
1244720499	98631767	77267059
1244720499	100335718	104202335
1244720499	101253211	77267059
1244720499	74514553	96403547
1244720519	100335718	104202335
1244720519	101253211	77267059
1244720539	77267059	101253211
1244720539	74514553	96403547
1244720539	104202335	100335718
1244720559	100335718	104202335
1244720559	101253211	77267059
1244720559	74514553	96403547
1244720579	98631767	101253211
1244720579	100335718	104202335
1244720579	100335718	90636395
1244720579	101253211	77267059
1244720579	74514553	96403547
1244720599	98631767	101253211
1244720599	77267059	101253211
1244720599	90636395	100335718
1244720599	74514553	96403547
1244720599	104202335	100335718
1244720619	77267059	101253211
1244720619	90636395	100335718
1244720619	104202335	100335718
1244720639	98631767	101253211
1244720639	98631767	77267059
1244720639	100335718	104202335
1244720639	100335718	90636395
1244720639	101253211	77267059
1244720639	74514553	96403547
1244720659	98631767	101253211
1244720659	100335718	104202335
1244720659	100335718	90636395
1244720659	101253211	77267059
1244720659	74514553	96403547
1244720679	98631767	101253211
1244720679	98631767	77267059
1244720679	77267059	101253211
1244720679	90636395	100335718
1244720679	74514553	96403547
1244720679	104202335	100335718
1244720699	98631767	101253211
1244720699	98631767	77267059
1244720699	77267059	101253211
1244720699	90636395	100335718
1244720699	74514553	96403547
1244720699	104202335	100335718
1244720719	98631767	101253211
1244720719	100335718	104202335
1244720719	100335718	90636395
1244720719	101253211	77267059
1244720719	74514553	96403547
1244720739	98631767	101253211
1244720739	90636395	100335718
1244720739	74514553	96403547
1244720739	104202335	100335718
1244720759	98631767	101253211
1244720759	90636395	100335718
1244720759	104202335	100335718
1244720779	100335718	104202335
1244720779	74514553	96403547
1244720799	98631767	101253211
1244720799	77267059	101253211
1244720799	90636395	100335718
1244720799	74514553	96403547
1244720799	104202335	100335718
1244720819	100335718	104202335
1244720819	74514553	96403547
1244720839	100335718	104202335
1244720839	74514553	96403547
1244720859	98631767	101253211
1244720859	98631767	77267059
1244720859	90636395	100335718
1244720859	74514553	96403547
1244720879	98631767	101253211
1244720879	74514553	96403547
1244720899	98631767	101253211
1244720899	77267059	101253211
1244720899	78119001	99352659
1244720899	74514553	96403547
1244720919	98631767	101253211
1244720919	100335718	104202335
1244720919	100335718	90636395
1244720919	101253211	77267059
1244720919	74514553	96403547
1244720939	98631767	101253211
1244720939	90636395	100335718
1244720939	74514553	96403547
1244720939	104202335	100335718
1244720979	77267059	101253211
1244720999	98631767	101253211
1244720999	98631767	77267059
1244720999	101253211	77267059
1244721019	100335718	104202335
1244721019	100335718	90636395
1244721019	74514553	96403547
1244721039	98631767	101253211
1244721039	100335718	90636395
1244721039	101253211	77267059
1244721059	98631767	101253211
1244721059	77267059	101253211
1244721059	74514553	96403547
1244721079	77267059	101253211
1244721079	74514553	96403547
1244721079	104202335	100335718
1244721099	98631767	101253211
1244721099	77267059	101253211
1244721099	74514553	96403547
1244721119	98631767	101253211
1244721119	98631767	77267059
1244721119	77267059	101253211
1244721119	90636395	100335718
1244721119	74514553	96403547
1244721139	98631767	101253211
1244721139	77267059	101253211
1244721139	90636395	100335718
1244721159	100335718	104202335
1244721159	100335718	90636395
1244721159	90636395	104202335
1244721159	74514553	96403547
1244721179	100335718	90636395
1244721199	100335718	104202335
1244721199	100335718	90636395
1244721199	90636395	104202335
1244721199	74514553	96403547
1244721219	98631767	101253211
1244721219	74514553	96403547
1244721239	77267059	101253211
1244721239	74514553	96403547
1244721259	98631767	101253211
1244721259	98631767	77267059
1244721259	77267059	101253211
1244721259	74514553	96403547
1244721279	98631767	101253211
1244721279	77267059	101253211
1244721279	74514553	96403547
1244721299	74514553	96403547
1244721319	74514553	96403547
1244721339	98631767	101253211
1244721339	78119001	99352659
1244721339	74514553	96403547
1244721359	78119001	99352659
1244721359	74514553	96403547
1244721379	98631767	101253211
1244721379	78119001	99352659
1244721379	101253211	74514553
1244721379	74514553	96403547
1244721399	98631767	101253211
1244721399	77267059	101253211
1244721399	74514553	96403547
1244721419	98631767	77267059
1244721419	90636395	100335718
1244721419	74514553	96403547
1244721419	104202335	100335718
1244721439	78119001	99352659
1244721439	101253211	77267059
1244721439	74514553	96403547
1244721459	90636395	100335718
1244721459	78119001	99352659
1244721459	74514553	96403547
1244721479	78119001	99352659
1244721479	74514553	96403547
1244721499	78119001	99352659
1244721499	74514553	96403547
1244721519	98631767	101253211
1244721519	77267059	101253211
1244721519	78119001	99352659
1244721519	74514553	96403547
1244721539	78119001	99352659
1244721539	101253211	77267059
1244721539	74514553	96403547
1244721559	98631767	101253211
1244721559	77267059	101253211
1244721559	78119001	99352659
1244721559	74514553	96403547
1244721579	98631767	101253211
1244721579	77267059	101253211
1244721579	78119001	99352659
1244721579	74514553	96403547
1244721599	98631767	101253211
1244721599	77922387	78184534
1244721599	77922387	103153752
1244721599	103153752	78184534
1244721599	78119001	99352659
1244721599	74514553	96403547
1244721619	77267059	101253211
1244721619	77922387	78184534
1244721619	77922387	103153752
1244721619	103153752	78184534
1244721619	103153752	74514553
1244721619	78119001	99352659
1244721619	78184534	74514553
1244721619	74514553	96403547
1244721639	98631767	101253211
1244721639	98631767	77267059
1244721639	77267059	101253211
1244721639	77922387	78184534
1244721639	77922387	103153752
1244721639	78119001	99352659
1244721639	74514553	96403547
1244721659	98631767	101253211
1244721659	98631767	77267059
1244721659	77922387	103153752
1244721659	103153752	78184534
1244721659	78119001	99352659
1244721659	101253211	77267059
1244721659	74514553	96403547
1244721679	98631767	101253211
1244721679	98631767	77267059
1244721679	77267059	101253211
1244721679	77922387	78184534
1244721679	78119001	99352659
1244721679	90570831	104333396
1244721679	74514553	96403547
1244721699	98631767	101253211
1244721699	77267059	101253211
1244721699	77922387	78184534
1244721699	77922387	103153752
1244721699	78119001	99352659
1244721699	90570831	104333396
1244721699	74514553	96403547
1244721719	77922387	78184534
1244721719	78119001	99352659
1244721719	101253211	77267059
1244721719	74514553	96403547
1244721739	98631767	101253211
1244721739	77267059	101253211
1244721739	77922387	78184534
1244721739	77922387	103153752
1244721739	90636395	100335718
1244721739	90636395	104202335
1244721739	78119001	99352659
1244721739	103153752	78184534
1244721739	96403547	74514553
1244721739	100991092	100597851
1244721759	98631767	101253211
1244721759	100991092	78905435
1244721759	100991092	100597851
1244721759	103153752	78184534
1244721759	103153752	77922387
1244721759	78119001	99352659
1244721759	78184534	77922387
1244721759	100597851	78905435
1244721759	74514553	96403547
1244721779	98631767	101253211
1244721779	77922387	78184534
1244721779	77922387	103153752
1244721779	103153752	78184534
1244721779	90636395	100335718
1244721779	90636395	104202335
1244721779	78119001	99352659
1244721779	104202335	100335718
1244721799	98631767	101253211
1244721799	77922387	78184534
1244721799	77922387	103153752
1244721799	90636395	100335718
1244721799	90636395	104202335
1244721799	78119001	99352659
1244721799	104202335	100335718
1244721819	77922387	78184534
1244721819	77922387	103153752
1244721819	90636395	104202335
1244721819	78119001	99352659
1244721819	101253211	77267059
1244721819	103153752	78184534
1244721839	98631767	101253211
1244721839	100335718	104202335
1244721839	100335718	90636395
1244721839	77922387	78184534
1244721839	77922387	103153752
1244721839	103153752	78184534
1244721839	90636395	104202335
1244721839	78119001	99352659
1244721839	101253211	77267059
1244721859	77922387	78184534
1244721859	77922387	103153752
1244721859	103153752	78184534
1244721859	90636395	100335718
1244721859	78119001	99352659
1244721859	104202335	100335718
1244721879	98631767	101253211
1244721879	100335718	104202335
1244721879	100335718	90636395
1244721879	77922387	78184534
1244721879	77922387	103153752
1244721879	103153752	78184534
1244721879	78119001	99352659
1244721899	98631767	74973260
1244721899	77922387	78184534
1244721899	77922387	103153752
1244721899	90636395	100335718
1244721899	78119001	99352659
1244721899	101253211	74973260
1244721899	103153752	78184534
1244721899	78905435	100991092
1244721899	100597851	100991092
1244721919	98631767	101253211
1244721919	77922387	78184534
1244721919	77922387	103153752
1244721919	90570831	103153752
1244721919	90636395	100335718
1244721919	78119001	99352659
1244721919	103153752	78184534
1244721919	78905435	100991092
1244721919	78905435	100597851
1244721939	100335718	90636395
1244721939	77922387	78184534
1244721939	77922387	103153752
1244721939	90570831	103153752
1244721939	90636395	104202335
1244721939	101253211	74973260
1244721939	78905435	100991092
1244721939	100597851	100991092
1244721959	77267059	101253211
1244721959	77922387	103153752
1244721959	90636395	100335718
1244721959	90570831	104333396
1244721979	100335718	90636395
1244721979	77922387	78184534
1244721979	77922387	103153752
1244721979	103153752	104333396
1244721979	78119001	99352659
1244721979	90570831	104333396
1244721999	77922387	78184534
1244721999	77922387	103153752
1244721999	90570831	104333396
1244721999	90636395	100335718
1244721999	78119001	99352659
1244721999	103153752	78184534
1244722019	100335718	90636395
1244722019	77922387	103153752
1244722019	90570831	104333396
1244722019	90570831	103153752
1244722019	78119001	99352659
1244722019	103153752	78184534
1244722039	90636395	100335718
1244722039	78119001	99352659
1244722039	78184534	77922387
1244722039	78184534	103153752
1244722039	103153752	77922387
1244722059	77922387	78184534
1244722059	77922387	103153752
1244722059	78119001	99352659
1244722059	78184534	103153752
1244722079	100335718	104202335
1244722079	100335718	90636395
1244722079	77922387	103153752
1244722079	103153752	78184534
1244722099	98631767	101253211
1244722099	100335718	74973260
1244722099	100335718	90636395
1244722099	77922387	78184534
1244722099	77922387	103153752
1244722119	98631767	101253211
1244722119	77267059	78119001
1244722119	77267059	99352659
1244722119	77922387	103153752
1244722119	103153752	78184534
1244722119	90636395	100335718
1244722119	78119001	99352659
1244722139	100335718	104202335
1244722139	100335718	90636395
1244722139	77922387	103153752
1244722139	103153752	74973260
1244722139	103153752	78184534
1244722139	90636395	104202335
1244722139	78119001	99352659
1244722159	98631767	101253211
1244722159	100335718	104202335
1244722159	77922387	78184534
1244722159	77922387	103153752
1244722159	103153752	78184534
1244722159	78905435	100597851
1244722179	104202335	100335718
1244722199	77922387	78184534
1244722199	77922387	103153752
1244722199	90570831	104333396
1244722199	90636395	100335718
1244722199	103153752	78184534
1244722199	104202335	100335718
1244722219	77922387	78184534
1244722219	77922387	103153752
1244722219	90570831	104333396
1244722219	90636395	100335718
1244722219	90636395	104202335
1244722219	103153752	78184534
1244722219	104202335	100335718
1244722239	77922387	78184534
1244722239	90570831	104333396
1244722239	90636395	100335718
1244722239	103153752	78184534
1244722239	104202335	100335718
1244722259	100335718	90636395
1244722259	77922387	78184534
1244722259	77922387	103153752
1244722259	103153752	78184534
1244722259	90636395	104202335
1244722259	104333396	90570831
1244722279	98631767	101253211
1244722279	77922387	78184534
1244722279	90636395	100335718
1244722279	90636395	104202335
1244722299	98631767	101253211
1244722299	98631767	104202335
1244722299	90636395	100335718
1244722299	101253211	104202335
1244722299	103153752	78184534
1244722299	104202335	100335718
1244722319	77922387	103153752
1244722319	103153752	78184534
1244722319	90636395	104202335
1244722319	104333396	90570831
1244722339	98631767	101253211
1244722339	90570831	104333396
1244722339	90636395	100335718
1244722339	90636395	104202335
1244722339	103153752	78184534
1244722339	103153752	77922387
1244722359	77922387	103153752
1244722359	90570831	104333396
1244722359	103153752	78184534
1244722359	104202335	100335718
1244722379	98631767	101253211
1244722379	100335718	104202335
1244722379	77922387	103153752
1244722379	103153752	78184534
1244722399	98631767	101253211
1244722399	90636395	104202335
1244722399	103153752	78184534
1244722419	98631767	101253211
1244722419	103153752	78184534
1244722439	98631767	101253211
1244722439	77922387	101253211
1244722439	78184534	101253211
1244722439	78184534	103153752
1244722459	103153752	78184534
1244722479	98631767	101253211
1244722479	100335718	90636395
1244722479	77922387	103153752
1244722479	103153752	78184534
1244722499	98631767	101253211
1244722499	77922387	103153752
1244722499	103153752	78184534
1244722519	98631767	101253211
1244722519	77922387	103153752
1244722539	98631767	101253211
1244722539	100335718	90636395
1244722539	77922387	103153752
1244722539	90636395	104202335
1244722559	77922387	103153752
1244722559	90636395	100335718
1244722579	77922387	103153752
1244722579	90636395	100335718
1244722579	90636395	104202335
1244722579	103153752	78184534
1244722599	100335718	90636395
1244722599	77922387	103153752
1244722619	98631767	101253211
1244722619	90636395	100335718
1244722619	78184534	103153752
1244722619	103153752	77922387
1244722619	78905435	100597851
1244722639	98631767	101253211
1244722639	77922387	103153752
1244722639	90636395	100335718
1244722639	90636395	104202335
1244722639	78905435	100597851
1244722639	100597851	100991092
1244722659	98631767	101253211
1244722659	77922387	103153752
1244722659	78905435	100597851
1244722679	77922387	103153752
1244722679	90570831	104333396
1244722679	90636395	100335718
1244722699	98631767	101253211
1244722699	77922387	103153752
1244722699	90570831	104333396
1244722699	90636395	100335718
1244722699	90636395	104202335
1244722699	78905435	100991092
1244722699	78905435	100597851
1244722719	77922387	103153752
1244722739	77922387	78184534
1244722739	90636395	100335718
1244722739	78184534	103153752
1244722739	100597851	100991092
1244722759	98631767	101253211
1244722759	100335718	90636395
1244722759	77922387	103153752
1244722759	103153752	78184534
1244722779	98631767	101253211
1244722779	77922387	78184534
1244722779	103153752	78184534
1244722779	90636395	100335718
1244722799	98631767	101253211
1244722799	78905435	100991092
1244722799	104202335	100335718
1244722819	103153752	78184534
1244722819	104202335	100335718
1244722839	103153752	78184534
1244722859	103153752	78184534
1244722879	78905435	100597851
1244722899	77922387	78184534
1244722899	103153752	78184534
1244722899	90636395	100335718
1244722899	90636395	100597851
1244722919	77922387	78184534
1244722919	77922387	103153752
1244722919	78184534	103153752
1244722919	78905435	100991092
1244722919	78905435	100597851
1244722939	100991092	100597851
1244722939	103153752	77922387
1244722939	90636395	100335718
1244722939	78905435	100597851
1244722959	100335718	90636395
1244722959	90636395	104202335
1244722959	78905435	100991092
1244722959	78905435	100597851
1244722959	104333396	90570831
1244722979	90570831	104333396
1244722979	90636395	100335718
1244722979	90636395	104202335
1244722979	78905435	100597851
1244722979	100597851	100991092
1244722999	100335718	90636395
1244722999	77922387	103153752
1244722999	90636395	104202335
1244722999	100597851	100991092
1244722999	104333396	90570831
1244723019	77922387	78184534
1244723019	77922387	103153752
1244723019	90570831	104333396
1244723019	90636395	104202335
1244723019	78184534	103153752
1244723019	78905435	100597851
1244723019	104202335	100335718
1244723019	100597851	100991092
1244723039	77922387	103153752
1244723039	90570831	104333396
1244723039	100991092	100597851
1244723039	78905435	100597851
1244723059	100991092	100597851
1244723059	78905435	100597851
1244723079	100991092	78905435
1244723079	100991092	100597851
1244723079	103153752	78184534
1244723079	78905435	100597851
1244723099	103153752	78184534
1244723099	78905435	100597851
1244723119	78905435	100597851
1244723139	100991092	78905435
1244723139	100991092	100597851
1244723139	103153752	77922387
1244723139	78905435	100597851
1244723159	103153752	77922387
1244723159	78905435	100597851
1244723179	103153752	77922387
1244723199	78184534	103153752
1244723199	100991092	100597851
1244723279	103153752	78184534
1244723279	78905435	100597851
1244723299	100991092	100597851
1244723299	78184534	77922387
1244723319	100991092	78905435
1244723319	100991092	100597851
1244723319	78184534	103153752
1244723319	103153752	77922387
1244723319	78905435	100597851
1244723339	77922387	103153752
1244723339	103153752	78184534
1244723339	104333396	90570831
1244723359	100991092	100597851
1244723359	103153752	77922387
1244723359	104333396	90570831
1244723379	103153752	77922387
1244723379	104333396	90570831
1244723399	103153752	77922387
1244723399	104333396	90570831
1244723419	77922387	103153752
1244723419	104333396	90570831
1244723439	77922387	103153752
1244723439	103153752	78184534
1244723439	78905435	100597851
1244723439	104333396	90570831
1244723459	90570831	104333396
1244723479	103153752	78184534
1244723479	104333396	90570831
1244723499	77922387	103153752
1244723499	103153752	78184534
1244723519	100991092	100597851
1244723519	103153752	78184534
1244723519	103153752	77922387
1244723519	104333396	90570831
1244723539	100991092	100597851
1244723539	104333396	90570831
1244723559	77922387	103153752
1244723559	103153752	78184534
1244723559	90636396	100335719
1244723559	90636396	104202336
1244723559	90570831	104333396
1244723559	104202336	100335719
1244723559	100597851	100991092
1244723579	90570831	104333396
1244723579	90636396	100335719
1244723579	90636396	104202336
1244723579	78184534	103153752
1244723579	100991092	100597851
1244723579	104202336	100335719
1244723599	100991092	100597851
1244723599	103153752	78184534
1244723599	90570831	104333396
1244723619	103153752	78184534
1244723619	90570831	104333396
1244723619	100597851	100991092
1244723639	90570831	104333396
1244723639	90636396	104202336
1244723639	78184534	103153752
1244723639	100991092	100597851
1244723659	103153752	78184534
1244723659	78905435	100991092
1244723659	100597851	100991092
1244723659	104333396	90570831
1244723679	78184534	103153752
1244723699	90570831	104333396
1244723699	78184534	103153752
1244723699	100597851	100991092
1244723719	90570831	104333396
1244723719	90636396	104202336
1244723719	78184534	103153752
1244723739	90570831	104333396
1244723739	90636396	104202336
1244723739	78184534	103153752
1244723739	78905435	100991092
1244723739	100597851	100991092
1244723759	90570831	104333396
1244723759	90636396	104202336
1244723759	78184534	103153752
1244723759	100597851	100991092
1244723779	90570831	104333396
1244723779	90636396	100335719
1244723779	90636396	104202336
1244723779	78184534	103153752
1244723779	100597851	100991092
1244723799	90570831	104333396
1244723799	90636396	104202336
1244723799	78184534	103153752
1244723799	104202336	100335719
1244723819	100335719	104202336
1244723819	100335719	90636396
1244723819	103153752	78184534
1244723819	90570831	104333396
1244723839	77922387	78184534
1244723839	103153752	78184534
1244723839	90636396	104202336
1244723839	104333396	90570831
1244723859	90570831	104333396
1244723859	78184534	103153752
1244723859	104202336	100335719
1244723879	77922387	103153752
1244723879	103153752	78184534
1244723879	100597851	100991092
1244723899	77922387	103153752
1244723899	90636396	104202336
1244723919	100335719	104202336
1244723919	77922387	78184534
1244723919	104333396	90570831
1244723939	100335719	104202336
1244723939	100335719	90636396
1244723939	103153752	78184534
1244723939	90636396	104202336
1244723939	104333396	90570831
1244723959	77922387	78184534
1244723959	78905435	100991092
1244723959	104202336	100335719
1244723979	77922387	78184534
1244723979	77922387	103153752
1244723979	103153752	78184534
1244723979	104333396	90570831
1244723999	100335719	104202336
1244723999	77922387	103153752
1244723999	104333396	90570831
1244724039	90636396	100335719
1244724059	90636396	104202336
1244724079	90636396	100335719
1244724079	90636396	104202336
1244724099	100991092	78905435
1244724099	90636396	104202336
1244724119	90636396	100335719
1244724119	104202336	100335719
1244724139	100991092	100597851
1244724139	90636396	100335719
1244724159	90636396	100335719
1244724159	104202336	100335719
1244724179	90636396	104202336
1244724199	104202336	100335719
1244724219	104202336	100335719
1244724259	90636396	104202336
1244724299	104202336	100335719
1244724319	104202336	100335719
1244724339	104202336	100335719
1244724359	104202336	100335719
1244724379	104202336	100335719
1244724399	100335719	104202336
1244724399	103153753	78184535
1244724419	78184535	103153753
1244724419	104202336	100335719
1244724439	103153753	78184535
1244724439	104202336	100335719
1244724459	90570831	104333396
1244724459	104202336	100335719
1244724479	90570831	104333396
1244724479	104202336	100335719
1244724499	90570831	104333396
1244724499	104202336	100335719
1244724499	100597851	100991092
1244724519	104923255	96993376
1244724519	104202336	100335719
1244724519	100597851	100991092
1244724539	104923255	96993376
1244724539	100335719	104202336
1244724539	100335719	90636396
1244724539	77922389	78184535
1244724539	90636396	104202336
1244724539	100597851	100991092
1244724559	77922389	78184535
1244724559	90636396	100335719
1244724559	90636396	104202336
1244724559	78184535	103153753
1244724559	100991092	100597851
1244724559	104202336	100335719
1244724579	77922389	78184535
1244724579	104202336	100335719
1244724599	77922389	78184535
1244724599	104202336	100335719
1244724619	77922389	78184535
1244724619	98631768	73269346
1244724619	104202336	100335719
1244724639	98631768	73269346
1244724639	100335719	104202336
1244724639	104923255	96993376
1244724659	104923255	96993376
1244724659	78184535	103153753
1244724659	98631768	73269346
1244724659	104202336	100335719
1244724679	98631768	73269346
1244724679	103153753	78184535
1244724679	104202336	100335719
1244724699	100335719	104202336
1244724719	77922389	78184535
1244724719	104202336	100335719
1244724739	104202336	100335719
1244724759	96993376	104923255
1244724759	104202336	100335719
1244724779	100335719	104202336
1244724799	77922389	78184535
1244724799	104202336	100335719
1244724819	104202336	100335719
1244724839	90636396	100335719
1244724839	90636396	104202336
1244724839	104202336	100335719
1244724859	100335719	104202336
1244724859	77922389	78184535
1244724859	90636396	104202336
1244724879	104923255	96993376
1244724879	77922389	78184535
1244724879	77922389	103153753
1244724879	103153753	78184535
1244724879	90570831	104333396
1244724879	90636396	100335719
1244724879	90636396	104202336
1244724879	104202336	100335719
1244724899	90636396	100335719
1244724899	98631768	73269346
1244724899	104202336	100335719
1244724919	104923255	96993376
1244724919	77922389	78184535
1244724919	77922389	103153753
1244724919	90636396	104202336
1244724919	78184535	103153753
1244724919	98631768	73269346
1244724919	104202336	100335719
1244724939	98631768	73269346
1244724939	90636396	104202336
1244724939	104202336	100335719
1244724959	98631768	73269346
1244724959	100335719	104202336
1244724959	77922389	78184535
1244724959	77922389	103153753
1244724959	90636396	104202336
1244724979	77922389	78184535
1244724979	77922389	103153753
1244724979	103153753	78184535
1244724979	104202336	100335719
1244724999	104202336	100335719
1244725019	90636396	100335719
1244725019	104202336	100335719
1244725039	100335719	104202336
1244725039	100335719	90636396
1244725039	90636396	104202336
1244725039	100597851	100991092
1244725059	100335719	104202336
1244725059	90636396	78119002
1244725059	90636396	104202336
1244725079	100335719	104202336
1244725079	100335719	90636396
1244725079	77922389	78184535
1244725079	90636396	104202336
1244725099	88604759	86966382
1244725099	98631768	73269346
1244725099	90636396	100335719
1244725099	90636396	104202336
1244725099	104202336	100335719
1244725119	100335719	104202336
1244725119	100335719	90636396
1244725119	90636396	104202336
1244725119	78184535	77922389
1244725139	100335719	104202336
1244725139	77922389	78184535
1244725139	88604759	86966382
1244725139	98631768	73269346
1244725159	98631768	73269346
1244725159	100335719	104202336
1244725179	100335719	104202336
1244725179	77922389	98631768
1244725179	77922389	103153753
1244725179	77922389	78184535
1244725199	100335719	104202336
1244725199	77922389	78184535
1244725199	77922389	103153753
1244725219	100335719	104202336
1244725219	77922389	78184535
1244725239	100335719	104202336
1244725239	86966382	88604759
1244725259	88604759	86966382
1244725259	77922389	103153753
1244725259	104202336	100335719
1244725279	77922389	78184535
1244725279	77922389	103153753
1244725279	78184535	103153753
1244725279	86966382	88604759
1244725279	104202336	100335719
1244725299	100335719	104202336
1244725299	77922389	78184535
1244725299	77922389	103153753
1244725299	103153753	78184535
1244725319	100335719	104202336
1244725319	77922389	78184535
1244725319	103153753	78184535
1244725319	98631768	73269346
1244725339	77922389	78184535
1244725339	77922389	103153753
1244725339	103153753	78184535
1244725339	78970998	99352660
1244725339	104202336	100335719
1244725359	100991092	78905435
1244725359	78905435	100597851
1244725359	78970998	99352660
1244725359	104202336	100335719
1244725359	104923255	96993376
1244725379	100991092	78905435
1244725379	101253212	104923255
1244725379	78905435	100597851
1244725379	78970998	99352660
1244725379	104202336	100335719
1244725399	100991092	78905435
1244725399	103153753	78184535
1244725399	95092814	104398944
1244725399	78970998	99352660
1244725399	104202336	100335719
1244725419	95092814	104398944
1244725419	78970998	99352660
1244725419	104202336	100335719
1244725419	104398944	100597851
1244725439	103153753	78184535
1244725439	95092814	104398944
1244725439	78970998	99352660
1244725439	104202336	100335719
1244725459	101253212	98631768
1244725459	95092814	104398944
1244725459	78970998	99352660
1244725459	104202336	100335719
1244725459	73269346	98631768
1244725479	78970998	99352660
1244725479	104202336	100335719
1244725479	73269346	98631768
1244725499	104202336	100335719
1244725499	104398944	99352660
1244725519	100991092	78905435
1244725519	86966382	88604759
1244725519	96993376	104923255
1244725519	104202336	100335719
1244725519	104398944	99352660
1244725539	95092814	104398944
1244725539	96993376	104923255
1244725539	78970998	99352660
1244725539	104202336	100335719
1244725539	104202336	90636396
1244725559	100991092	78905435
1244725559	95092814	104398944
1244725559	86966382	88604759
1244725559	104202336	100335719
1244725559	104202336	90636396
1244725579	86966382	88604759
1244725579	78970998	99352660
1244725579	104202336	100335719
1244725599	95092814	104398944
1244725599	86966382	88604759
1244725599	78970998	94699612
1244725599	104202336	100335719
1244725619	95092814	104398944
1244725619	78970998	98631768
1244725619	78970998	99352660
1244725619	104202336	100335719
1244725619	104202336	90636396
1244725639	104202336	100335719
1244725639	104333396	90570831
1244725659	101253212	90570831
1244725659	86966382	88604759
1244725659	104202336	100335719
1244725659	104333396	90570831
1244725679	86966382	88604759
1244725679	104202336	100335719
1244725679	104333396	90570831
1244725699	86966382	88604759
1244725699	96993376	104923255
1244725699	104202336	100335719
1244725699	104333396	90570831
1244725699	73269346	98631768
1244725719	100991092	78905435
1244725719	101253212	100597852
1244725719	86966382	88604759
1244725719	96993376	104923255
1244725719	78970998	99352660
1244725719	104202336	100335719
1244725719	104333396	90570831
1244725719	90570831	100597852
1244725739	100991092	78905435
1244725739	101253212	90505329
1244725739	95092814	104398944
1244725739	96993376	104923255
1244725739	104202336	100335719
1244725739	104333396	90570831
1244725739	73269346	98631768
1244725759	100991092	78905435
1244725759	101253212	100597852
1244725759	103153753	78184535
1244725759	96993376	104923255
1244725759	78970998	99352660
1244725759	104202336	100335719
1244725759	104333396	90570831
1244725779	103153753	78184535
1244725779	86966382	88604759
1244725779	104202336	100335719
1244725779	104333396	90570831
1244725799	100991092	78905435
1244725799	103153753	78184535
1244725799	104202336	100335719
1244725799	104333396	90570831
1244725799	104923255	96993376
1244725819	103153753	78184535
1244725819	104202336	100335719
1244725819	104333396	90570831
1244725839	103153753	78184535
1244725839	95092814	104398944
1244725839	104202336	100335719
1244725859	101253212	100597852
1244725859	95092814	104398944
1244725859	86966382	88604759
1244725859	104202336	100335719
1244725859	104202336	90636396
1244725879	101253212	100597852
1244725879	103153753	78184535
1244725879	104202336	100335719
1244725879	104202336	90636396
1244725899	101253212	100597852
1244725899	103153753	78184535
1244725899	104202336	100335719
1244725899	104202336	90636396
1244725919	101253212	100597852
1244725919	103153753	78184535
1244725919	104202336	100335719
1244725919	104202336	90636396
1244725939	101253212	100597852
1244725939	103153753	78184535
1244725939	78184535	77922389
1244725939	86966382	88604759
1244725939	104202336	100335719
1244725939	104202336	90636396
1244725959	90636396	104202336
1244725959	88604759	86966382
1244725959	104202336	100335719
1244725959	78184535	77922389
1244725979	103153753	78184535
1244725979	86966382	88604759
1244725979	104202336	100335719
1244725979	104202336	90636396
1244725999	101253212	100597852
1244725999	103153753	78184535
1244725999	95092814	104398944
1244725999	86966382	88604759
1244725999	104202336	100335719
1244725999	104202336	90636396
1244726019	101253212	100597852
1244726019	103153753	78184535
1244726019	103153753	77922389
1244726019	78184535	77922389
1244726019	86966382	88604759
1244726019	104202336	100335719
1244726019	104202336	90636396
1244726039	100335719	104202336
1244726039	90636396	104202336
1244726039	95092814	104398944
1244726039	99352660	78970998
1244726039	101253212	100597852
1244726059	103153753	78184535
1244726059	90636396	104202336
1244726059	100597852	101253212
1244726059	95092814	104398944
1244726059	99352660	78970998
1244726059	104202336	100335719
1244726079	100335719	104202336
1244726079	101253212	100597852
1244726079	88604759	86966382
1244726099	100335719	104202336
1244726099	77922389	78184535
1244726099	101253212	100597852
1244726119	90636396	104202336
1244726119	78184535	77922389
1244726119	100597852	101253212
1244726119	104202336	100335719
1244726139	100335719	104202336
1244726139	77922389	78184535
1244726139	100991092	78905435
1244726139	90636396	104202336
1244726159	100335719	104202336
1244726159	77922389	78184535
1244726159	90636396	104202336
1244726179	95092814	104398944
1244726179	77922389	78184535
1244726179	77922389	101253212
1244726179	78184535	101253212
1244726179	90636396	104202336
1244726179	104202336	100335719
1244726199	98631768	73269346
1244726199	100335719	104202336
1244726219	100335719	104202336
1244726219	100335719	90636396
1244726219	90636396	104202336
1244726219	100991092	78905435
1244726239	100335719	78905435
1244726239	100335719	104202336
1244726239	100335719	90636396
1244726239	90636396	104202336
1244726239	78905435	104202336
1244726259	100335719	104202336
1244726259	100335719	90636396
1244726259	90636396	88604759
1244726259	90636396	104202336
1244726259	90636396	86966382
1244726279	100335719	104202336
1244726279	100335719	90636396
1244726279	77922389	88604759
1244726279	77922389	86966382
1244726279	90636396	104202336
1244726279	86966382	78184535
1244726299	77922389	86966382
1244726299	90636396	104202336
1244726299	78184535	86966382
1244726299	100991092	78905435
1244726299	104202336	100335719
1244726319	95092814	104398944
1244726319	100991092	78905435
1244726319	88604759	77922389
1244726339	88604759	86966382
1244726339	95092814	104398944
1244726359	98631768	73269346
1244726359	88604759	86966382
1244726359	95092814	104398944
1244726459	95092814	104398944
1244726479	98631768	73269346
1244726479	95092814	104398944
1244726499	98631768	73269346
1244726499	78184535	77922389
1244726499	95092814	104398944
1244726519	77922389	78184535
1244726519	95092814	104398944
1244726539	77922389	78184535
1244726539	95092814	104398944
1244726599	95092814	104398944
1244726619	95092814	104398944
1244726639	101253212	100597852
1244726639	95092814	104398944
1244726659	95092814	104398944
1244726679	95092814	104398944
1244726699	95092814	104398944
1244726719	95092814	104398944
1244726719	101253212	100597852
1244726739	101253212	100597852
1244726739	95092814	104398944
1244726799	88604760	78905436
1244726799	95092814	104398944
1244726819	88604760	78905436
1244726819	95092814	104398944
1244726819	78184535	77922389
1244726839	98631768	73269346
1244726839	77922389	78184535
1244726859	98631768	73269346
1244726859	77922389	78184535
1244726859	77922389	103153753
1244726879	77922389	78184535
1244726879	77922389	103153753
1244726879	101253212	100597852
1244726899	103153753	78184535
1244726919	95092814	104398944
1244726939	95092814	104398944
1244726959	90505330	94699613
1244726959	103153753	78184535
1244726979	98631768	73269346
1244726979	94699613	90505330
1244726979	103153753	78184535
1244726979	101253212	100597852
1244726999	98631768	73269346
1244726999	90505330	94699613
1244726999	95092814	104398944
1244727019	98631768	73269346
1244727019	90505330	94699613
1244727019	95092814	104398944
1244727039	98631768	73269346
1244727039	95092814	104398944
1244727039	94699613	90505330
1244727059	88604760	78905436
1244727059	95092814	104398944
1244727079	77922389	103153753
1244727079	103153753	78184535
1244727079	94699613	90505330
1244727099	98631768	73269346
1244727099	90505330	94699613
1244727099	88604760	78905436
1244727099	95092814	104398944
1244727119	98631768	73269346
1244727119	103153753	78184535
1244727119	90505330	94699613
1244727119	95092814	104398944
1244727139	98631768	73269346
1244727139	90505330	94699613
1244727139	103153753	78184535
1244727159	77922389	78184535
1244727159	77922389	103153753
1244727159	94699613	90505330
1244727179	98631768	73269346
1244727179	94699613	90505330
1244727199	98631768	73269346
1244727199	94699613	90505330
1244727219	98631768	73269346
1244727219	94699613	90505330
1244727219	103153753	78184535
1244727239	98631768	73269346
1244727239	103153753	78184535
1244727259	98631768	73269346
1244727279	90505330	94699613
1244727279	103153753	78184535
1244727299	98631768	73269346
1244727299	88604760	78905436
1244727299	101253212	100597852
1244727319	98631768	73269346
1244727339	98631768	73269346
1244727339	95092814	104398944
1244727359	98631768	73269346
1244727359	103153753	78184535
1244727359	95092814	104398944
1244727379	98631768	73269346
1244727379	88604760	78905436
1244727399	98631768	73269346
1244727399	88604760	78905436
1244727419	98631768	73269346
1244727439	98631768	73269346
1244727439	101253212	100597852
1244727459	98631768	73269346
1244727459	77922389	78184535
1244727459	101253212	100597852
1244727459	100991093	100335720
1244727479	77922389	78184535
1244727479	100991093	100335720
1244727479	88604760	78905436
1244727499	98631768	73269346
1244727499	103153753	78184535
1244727499	77922389	78184535
1244727499	88604760	78905436
1244727519	98631768	73269346
1244727519	77922389	103153753
1244727519	103153753	78184535
1244727539	100335720	100991093
1244727559	98631768	73269346
1244727579	98631768	73269346
1244727599	98631768	73269346
1244727639	100991093	100335720
1244727699	98631768	73269346
1244727719	98631768	73269346
1244727719	95092814	104398944
1244727739	95092814	104398944
1244727759	100991093	100335720
1244727759	95092814	104398944
1244727779	95092814	104398944
1244727799	100335720	100991093
1244727799	95092814	104398944
1244727819	101253212	100597852
1244727819	95092814	104398944
1244727839	100991093	100335720
1244727839	95092814	104398944
1244727839	95092814	86966383
1244727879	95092814	104398944
1244727899	98631768	73269346
1244727899	101253212	100597852
1244727899	95092814	104398944
1244727919	98631768	73269346
1244727919	95092814	104398944
1244727939	98631768	73269346
1244727939	101253212	100597852
1244727939	95092814	104398944
1244727959	98631768	73269346
1244727959	100335720	100991093
1244727959	101253212	100597852
1244727959	95092814	104398944
1244727959	94699613	90505330
1244727979	100991093	100335720
1244727979	101253212	100597852
1244727979	94699613	90505330
1244727999	90505330	94699613
1244728019	95092814	104398944
1244728039	98631768	73269346
1244728039	95092814	104398944
1244728059	98631768	73269346
1244728059	95092814	104398944
1244728079	95092814	104398944
1244728119	98631768	73269346
1244728139	98631768	73269346
1244728139	101253213	78119003
1244728139	100991093	100335720
1244728159	98631768	73269346
1244728159	78119003	101253213
1244728159	100335720	100991093
1244728179	98631768	101253213
1244728179	98631768	73269346
1244728179	100991093	100335720
1244728179	95092814	104398944
1244728199	98631768	101253213
1244728199	98631768	73269346
1244728199	78119003	101253213
1244728199	101253213	73269346
1244728199	95092814	104398944
1244728199	100991093	100335720
1244728219	98631768	73269346
1244728239	98631768	73269346
1244728259	78119003	101253213
1244728279	90505330	94699613
1244728279	78119003	101253213
1244728299	94699613	90505330
1244728299	78119003	101253213
1244728319	78119003	101253213
1244728339	94699613	90505330
1244728339	78119003	101253213
1244728339	95092814	104398944
1244728359	94699613	90505330
1244728359	78119003	101253213
1244728359	95092814	104398944
1244728379	78119003	101253213
1244728379	95092814	104398944
1244728399	78119003	101253213
1244728399	94699613	90505330
1244728419	100991093	100335720
1244728419	78119003	101253213
1244728439	78119003	101253213
1244728439	94699613	90505330
1244728459	100991093	100335720
1244728459	90505330	94699613
1244728459	78119003	101253213
1244728459	95092814	104398944
1244728479	100991093	100335720
1244728479	78119003	101253213
1244728479	95092814	104398944
1244728479	94699613	90505330
1244728499	90505330	94699613
1244728499	78119003	101253213
1244728499	95092814	104398944
1244728519	94699613	90505330
1244728519	88604760	78905436
1244728519	101253213	78119003
1244728539	78119003	101253213
1244728539	94699613	90505330
1244728559	94699613	90505330
1244728559	78119003	101253213
1244728579	94699613	90505330
1244728579	88604760	101253213
1244728579	101253213	78119003
1244728599	94699613	90505330
1244728599	78119003	101253213
1244728599	95092814	104398944
1244728619	90505330	94699613
1244728619	95092814	104398944
1244728639	90505330	94699613
1244728639	101253213	78119003
1244728639	95092814	104398944
1244728659	90505330	94699613
1244728659	101253213	78119003
1244728659	95092814	104398944
1244728679	94699613	90505330
1244728679	95092814	104398944
1244728699	90505330	94699613
1244728699	95092814	104398944
1244728719	90505330	94699613
1244728719	78119003	101253213
1244728719	95092814	104398944
1244728739	94699613	90505330
1244728739	95092814	104398944
1244728759	94699613	90505330
1244728759	95092814	104398944
1244728779	90505330	94699613
1244728779	78119003	101253213
1244728779	95092814	104398944
1244728799	94699613	90505330
1244728799	95092814	104398944
1244728819	100991093	100335720
1244728819	90505330	94699613
1244728819	78119003	101253213
1244728819	95092814	104398944
1244728839	94699613	90505330
1244728839	95092814	104398944
1244728839	100991093	100335720
1244728859	100991093	100335720
1244728859	94699613	90505330
1244728879	94699613	90505330
1244728879	101253213	78119003
1244728899	94699613	90505330
1244728899	78119003	101253213
1244728919	101253213	78119003
1244728919	94699613	90505330
1244728939	94699613	90505330
1244728939	78119003	101253213
1244728959	90505330	94699613
1244728959	78119003	101253213
1244728959	100335720	100991093
1244728979	90505330	94699613
1244728979	78119003	101253213
1244728979	88604760	78905436
1244728999	90505330	94699613
1244728999	78119003	101253213
1244729019	90505330	94699613
1244729019	78119003	101253213
1244729039	90505330	94699613
1244729039	78119003	101253213
1244729039	100991093	100335720
1244729059	90505330	94699613
1244729059	78119003	101253213
1244729059	100991093	100335720
1244729079	78119003	101253213
1244729079	94699613	90505330
1244729099	78119003	101253213
1244729099	94699613	90505330
1244729119	90505330	94699613
1244729119	78119003	101253213
1244729139	78119003	101253213
1244729159	78119003	101253213
1244729179	94699613	90505330
1244729179	78119003	101253213
1244729199	78119003	101253213
1244729199	95092814	104398944
1244729199	94699613	90505330
1244729219	100991093	100335720
1244729219	90505330	94699613
1244729219	78119003	101253213
1244729219	95092814	104398944
1244729239	100991093	100335720
1244729239	78119003	101253213
1244729259	100991093	100335720
1244729259	78119003	101253213
1244729279	90505330	94699613
1244729279	78119003	101253213
1244729279	100991093	100335720
1244729299	78119003	101253213
1244729319	94699613	90505330
1244729319	78119003	101253213
1244729339	78119003	101253213
1244729359	78119003	101253213
1244729379	78119003	101253213
1244729379	100335720	100991093
1244729399	78119003	101253213
1244729419	78119003	101253213
1244729419	95092814	104398944
1244729439	78119003	101253213
1244729439	95092814	104398944
1244729459	78119003	101253213
1244729459	95092814	104398944
1244729479	78119003	101253213
1244729479	95092814	104398944
1244729499	78119003	101253213
1244729499	95092814	104398944
1244729519	78119003	101253213
1244729519	95092814	104398944
1244729539	90505330	94699613
1244729539	78119003	101253213
1244729539	95092814	104398944
1244729559	78119003	101253213
1244729559	95092814	104398944
1244729559	94699613	90505330
1244729579	90505330	94699613
1244729579	78119003	101253213
1244729579	95092814	104398944
1244729599	78119003	101253213
1244729599	95092814	104398944
1244729599	100991093	100335720
1244729619	90505330	94699613
1244729619	78119003	101253213
1244729619	95092814	104398944
1244729619	100991093	100335720
1244729639	78119003	101253213
1244729639	95092814	104398944
1244729639	100335720	100991093
1244729659	100991093	100335720
1244729659	78119003	101253213
1244729659	95092814	104398944
1244729679	100991093	100335720
1244729679	78119003	101253213
1244729679	95092814	104398944
1244729699	78119003	101253213
1244729699	95092814	104398944
1244729699	100991093	100335720
1244729719	94699613	90505330
1244729719	78119003	101253213
1244729719	95092814	104398944
1244729719	100335720	100991093
1244729739	100991093	100335720
1244729739	78119003	101253213
1244729739	95092814	104398944
1244729739	94699613	90505330
1244729759	94699613	90505330
1244729759	78119003	101253213
1244729759	95092814	104398944
1244729759	100991093	100335720
1244729779	90505330	94699613
1244729779	78119003	101253213
1244729779	95092814	104398944
1244729779	100991093	100335720
1244729799	100991093	100335720
1244729799	90505330	94699613
1244729799	78119003	101253213
1244729799	95092814	104398944
1244729819	100991093	100335720
1244729819	78119003	101253213
1244729819	95092814	104398944
1244729819	94699613	90505330
1244729839	100991093	100335720
1244729839	78119003	101253213
1244729839	95092814	104398944
1244729839	94699613	90505330
1244729859	90505330	94699613
1244729859	78119003	101253213
1244729859	95092814	104398944
1244729859	100335720	100991093
1244729879	90505330	94699613
1244729879	78119003	101253213
1244729879	95092814	104398944
1244729899	78119003	101253213
1244729899	95092814	104398944
1244729919	78119003	101253213
1244729919	95092814	104398944
1244729939	78119003	101253213
1244729939	95092814	104398944
1244729959	78119003	101253213
1244729959	95092814	104398944
1244729979	95092814	104398944
1244729979	94699613	90505330
1244729999	98631769	73269347
1244729999	95092814	104398944
1244729999	94699613	90505330
1244730019	98631769	73269347
1244730019	90505330	94699613
1244730019	95092814	104398944
1244730039	98631769	73269347
1244730039	94699613	90505330
1244730039	78119003	101253213
1244730039	95092814	104398944
1244730039	100991093	100335720
1244730059	100991093	100335720
1244730059	90505330	94699613
1244730059	78119003	101253213
1244730079	94699613	90505330
1244730079	78119003	101253213
1244730079	95092814	104398944
1244730079	100991093	100335720
1244730099	94699613	90505330
1244730099	78119003	101253213
1244730099	95092814	104398944
1244730119	94699613	90505330
1244730119	78119003	101253213
1244730119	95092814	104398944
1244730139	78119003	101253213
1244730139	95092814	104398944
1244730159	94699613	90505330
1244730159	78119003	101253213
1244730159	95092814	104398944
1244730179	78119003	101253213
1244730179	100991093	100335720
1244730199	78119003	101253213
1244730219	78119003	101253213
1244730239	94699613	90505330
1244730259	78119003	101253213
1244730259	94699613	90505330
1244730279	90505330	94699613
1244730299	94699613	90505330
1244730339	94699613	90505330
1244730339	100991093	100335720
1244730359	98631769	73269347
1244730359	100991093	100335720
1244730359	94699613	90505330
1244730379	98631769	73269347
1244730379	94699613	90505330
1244730379	100991093	100335720
1244730399	90505330	94699613
1244730419	98631769	73269347
1244730419	90505330	94699613
1244730439	100991093	100335720
1244730459	98631769	73269347
1244730459	90505330	94699613
1244730479	98631769	73269347
1244730479	100991093	100335720
1244730479	94699613	90505330
1244730499	94699613	90505330
1244730519	98631769	73269347
1244730539	94699613	90505330
1244730559	90505330	94699613
1244730559	78119003	101253213
1244730579	90505330	94699613
1244730619	78119003	101253213
1244730639	78119003	101253213
1244730659	78119003	101253213
1244730659	73269347	98631769
1244730679	78119003	101253213
1244730699	78119003	101253213
1244730719	78119003	101253213
1244730739	78119003	101253213
1244730739	73269347	98631769
1244730779	78119003	101253213
1244730779	73269347	98631769
1244730799	78119003	101253213
1244730819	78119003	101253213
1244730839	78119003	101253213
1244730859	78119003	101253213
1244730879	78119003	101253213
1244730899	78119003	101253213
1244730919	78119003	101253213
1244730939	78119003	101253213
1244730959	78119003	101253213
1244730959	73269347	98631769
1244730979	78119003	101253213
1244730979	98631769	73269347
1244730999	78119003	101253213
1244730999	98631769	73269347
1244731039	78119003	101253213
1244731059	78119003	101253213
1244731079	78119003	101253213
1244731099	78119003	101253213
1244731119	78119003	101253213
1244731139	98631769	73269347
1244731139	78119003	101253213
1244731159	78119003	101253213
1244731179	98631769	73269347
1244731179	78119003	101253213
1244731199	78119003	101253213
1244731219	98631769	73269347
1244731219	78119003	101253213
1244731239	98631769	73269347
1244731239	100991094	100335721
1244731239	78119003	101253213
1244731259	98631769	73269347
1244731259	100991094	100335721
1244731259	78119003	101253213
1244731279	98631769	73269347
1244731279	78119003	101253213
1244731299	98631769	73269347
1244731299	78119003	101253213
1244731319	98631769	73269347
1244731319	78119003	101253213
1244731339	98631769	73269347
1244731339	78119003	101253213
1244731359	98631769	73269347
1244731399	100991094	100335721
1244731419	98631769	73269347
1244731439	98631769	73269347
1244731439	78119003	101253213
1244731459	98631769	104398945
1244731459	98631769	73269347
1244731459	100991094	100335721
1244731459	78119003	101253213
1244731479	78119003	101253213
1244731499	78119003	101253213
1244731559	78119003	101253213
1244731579	100991094	78119003
1244731599	78119003	101253213
1244731599	100335721	100991094
1244731619	100991094	100335721
1244731619	90505330	94699614
1244731619	78119003	101253213
1244731639	94699614	90505330
1244731639	100335721	100991094
1244731659	100991094	100335721
1244731659	78119003	101253213
1244731679	90505330	94699614
1244731679	78119003	101253213
1244731679	100335721	100991094
1244731739	78119003	101253213
1244731739	100991094	100335721
1244731759	78119003	101253213
1244731779	78119003	101253213
1244731799	90505330	94699614
1244731799	78119003	101253213
1244731819	94699614	90505330
1244731819	78119003	101253213
1244731839	100991094	100335721
1244731839	78119003	101253213
1244731839	94699614	90505330
1244731859	78119003	101253213
1244731879	78119003	101253213
1244731899	78119003	101253213
1244731899	100991094	100335721
1244731919	78119003	101253213
1244731939	100991094	100335721
1244731939	78119003	101253213
1244731959	78119003	101253213
1244731979	78119003	101253213
1244731999	98631770	78119003
1244731999	94699614	90505330
1244732019	98631770	78119003
1244732019	98631770	101253213
1244732019	78119003	101253213
1244732039	98631770	101253213
1244732039	78119003	101253213
1244732059	98631770	101253213
1244732059	78119003	101253213
1244732119	94699614	90505330
1244732139	98631770	101253213
1244732139	78119003	101253213
1244732159	98631770	101253213
1244732159	100991094	100335721
1244732159	74317912	104398945
1244732179	98631770	101253213
1244732179	78119003	101253213
1244732179	74317912	104398945
1244732199	98631770	101253213
1244732199	74317912	104398945
1244732219	100991094	100335721
1244732219	74317912	104398945
1244732239	78119003	101253213
1244732279	94699614	90505330
1244732299	94699614	90505330
1244732299	78119003	101253213
1244732299	100991094	100335721
1244732319	94699614	90505330
1244732319	78119003	101253213
1244732319	100991094	100335721
1244732339	100991094	100335721
1244732339	78119003	101253213
1244732359	78119003	101253213
1244732379	78119003	101253213
1244732419	94699614	90505330
1244732419	78119003	101253213
1244732439	94699614	90505330
1244732439	78119003	101253213
1244732459	78119003	101253213
1244732499	94699614	90505330
1244732519	100991094	100335721
1244732539	100335721	100991094
1244732559	94699614	90505330
1244732559	100991094	100335721
1244732579	100991094	100335721
1244732579	94699614	90505330
1244732599	94699614	90505330
1244732599	100991094	100335721
1244732619	94699614	90505330
1244732639	98631770	74317912
1244732639	94699614	90505330
1244732659	94699614	90505330
1244732659	100991094	100335721
1244732679	94699614	90505330
1244732679	100335721	100991094
1244732699	90505330	94699614
1244732699	100335721	100991094
1244732719	100335721	100991094
1244732799	100335721	100991094
1244732839	100335721	100991094
1244732859	100335721	100991094
1244732879	100335721	100991094
1244732899	100335721	100991094
1244732959	100335721	100991094
1244732979	100335721	100991094
1244732999	100335721	100991094
1244733019	100335721	100991094
1244733139	100335721	100991094
1244733159	100335721	100991094
1244733339	100335721	100991094
1244733359	100335721	100991094
1244733379	100335721	100991094
1244733399	100335721	100991094
1244733419	100335721	100991094
1244733519	100335721	100991094
1244733659	100335721	100991094
1244733739	100335721	100991094
1244733819	100335721	100991094
1244733859	100335721	100991094
1244733879	100335721	100991094
1244733919	100335721	100991094
1244733939	100335721	100991094
1244734039	100335721	100991094
1244734059	100991094	100335721
1244734079	100991094	100335721
1244734099	100335721	100991094
1244734339	84476003	98304094
1244734359	84476003	98304094
1244734399	94503001	73597035
1244734419	94503001	73597035
1244734499	84476003	98304094
1244734519	84476003	98304094
1244734539	84476003	98304094
1244734739	100991094	100335721
1244734759	100991094	100335721
1244734779	100991094	100335721
1244734779	84476003	98304094
1244734799	94503001	73597035
1244734819	94503001	73597035
1244734819	100991094	100335721
1244734839	94503001	73597035
1244734839	100991094	100335721
1244734859	94503001	73597035
1244734859	100991094	100335721
1244734879	84476003	98304094
1244734899	100991094	100335721
1244734899	84476003	98304094
1244734919	100991094	100335721
1244734939	100991094	100335721
1244734979	100991094	100335721
1244734999	84476003	98304094
1244735019	84476003	98304094
1244735039	84476003	98304094
1244735059	98304094	84476003
1244735079	84476003	98304094
1244735179	84476003	98304094
1244735199	84476003	98304094
1244735219	84476003	98304094
1244735259	100991094	100335721
1244735279	94503001	73597035
1244735279	84476003	98304094
1244735399	100991094	100335721
1244735479	77267061	100335721
1244735499	84476003	98304094
1244735519	100991094	100335721
1244735539	100335721	100991094
1244735579	100991094	100335721
1244735859	100991094	100335721
1244735879	100335721	100991094
1244735899	100335721	100991094
1244735919	100991094	100335721
1244735939	100335721	100991094
1244735959	100335721	100991094
1244735979	84476003	98304094
1244735979	100991094	100335721
1244736019	100991094	100335721
1244736099	100335721	100991094
1244736119	100335721	100991094
1244736139	100991094	100335721
1244736159	100335721	100991094
1244736179	100335721	100991094
1244736199	100335721	100991094
1244736219	100991094	100335721
1244736219	84476003	98304094
1244736259	100991094	100335721
1244736259	84476003	98304094
1244736279	84476003	98304094
1244736299	84476003	98304094
1244736319	100991094	100335721
1244736319	84476003	98304094
1244736339	84476003	98304094
1244736359	84476003	98304094
1244736379	100991094	100335721
1244736379	84476003	98304094
1244736399	84476003	98304094
1244736419	84476003	98304094
1244736459	84476003	98304094
1244736499	84476003	98304094
1244736519	84476003	98304094
1244736539	100991094	100335721
1244736539	84476003	98304094
1244736559	84476003	98304094
1244736639	84476003	98304094
1244736679	73597036	104202337
1244736719	84476003	98304094
1244736739	73597036	104202337
1244736739	84476003	98304094
1244736759	73597036	104202337
1244736759	84476003	98304094
1244736779	73597036	104202337
1244736779	84476003	98304094
1244736799	73597036	104202337
1244736819	73597036	104202337
1244736819	84476003	98304094
1244736839	73597036	104202337
1244736839	84476003	98304094
1244736859	73597036	104202337
1244736879	73597036	104202337
1244736879	100991094	100335721
1244736899	73597036	104202337
1244736899	100991094	100335721
1244736899	84476003	98304094
1244736919	73597036	104202337
1244736919	100991094	100335721
1244736919	84476003	98304094
1244736939	73597036	104202337
1244736959	73597036	104202337
1244736979	73597036	104202337
1244736999	73597036	104202337
1244737059	73597036	104202337
1244737059	84476003	98304094
1244737079	73597036	104202337
1244737099	73597036	104202337
1244737099	84476003	98304094
1244737119	73597036	104202337
1244737179	73597036	104202337
1244737179	100991094	100335721
1244737179	84476003	98304094
1244737199	73597036	104202337
1244737199	84476003	98304094
1244737219	73597036	104202337
1244737219	84476003	98304094
1244737239	73597036	104202337
1244737239	84476003	98304094
1244737239	96075886	77267061
1244737259	84476003	98304094
1244737279	84476003	98304094
1244737299	84476003	98304094
1244737319	84476003	98304094
1244737339	84476003	98304094
1244737359	73597036	104202337
1244737359	100991094	100335721
1244737359	84476003	98304094
1244737379	100991094	100335721
1244737379	104202337	100466769
1244737399	73597036	104202337
1244737419	73597036	104202337
1244737419	84476003	98304094
1244737439	73597036	104202337
1244737439	84476003	98304094
1244737459	73597036	104202337
1244737459	84476003	98304094
1244737479	73597036	104202337
1244737479	84476003	98304094
1244737479	96075886	77267061
1244737499	73597036	104202337
1244737499	84476003	98304094
1244737499	96075886	77267061
1244737519	73597036	104202337
1244737519	100991094	100335721
1244737519	84476003	98304094
1244737539	73597036	104202337
1244737539	84476003	98304094
1244737539	96075886	77267061
1244737559	73597036	104202337
1244737559	100991094	100335721
1244737559	96075886	77267061
1244737579	73597036	104202337
1244737599	73597036	104202337
1244737599	100991094	100335721
1244737619	73597036	104202337
1244737639	100991094	100335721
1244737639	84476003	98304094
1244737659	84476003	98304094
1244737699	73597036	104202337
1244737719	73597036	104202337
1244737739	73597036	104202337
1244737739	100991094	100335721
1244737759	73597036	104202337
1244737799	100991094	100335721
1244737819	73597036	77267061
1244737819	73597036	104202337
1244737839	104202337	77267061
1244737859	73597036	104202337
1244737859	100991094	100335721
1244737879	73597036	104202337
1244737899	73597036	104202337
1244737899	100991094	100335721
1244737919	73597036	104202337
1244737919	84476004	98304095
1244737919	84476004	100466770
1244737919	98304095	100466770
1244737939	100991094	100335721
1244737939	84476004	100466770
1244737939	98304095	100466770
1244737959	100991094	100335721
1244737959	84476004	98304095
1244737959	84476004	100466770
1244737959	98304095	100466770
1244737979	84476004	98304095
1244737979	84476004	100466770
1244737979	98304095	100466770
1244737999	84476004	98304095
1244737999	84476004	100466770
1244737999	98304095	100466770
1244738019	73597036	104202337
1244738019	84476004	98304095
1244738019	84476004	100466770
1244738019	98304095	100466770
1244738059	73597036	104202337
1244738059	100991094	100335721
1244738059	84476004	100335721
1244738059	100335721	100466770
1244738079	100991094	100335721
1244738079	84476004	100466770
1244738079	98304095	100466770
1244738099	73597036	104202337
1244738099	84476004	98304095
1244738099	84476004	100466770
1244738099	98304095	100466770
1244738119	73597036	104202337
1244738119	84476004	98304095
1244738119	84476004	100466770
1244738119	98304095	100466770
1244738139	84476004	98304095
1244738159	84476004	98304095
1244738159	84476004	100466770
1244738179	84476004	98304095
1244738179	84476004	100466770
1244738199	73597036	104202337
1244738199	84476004	98304095
1244738199	98304095	100466770
1244738219	73597036	104202337
1244738219	84476004	98304095
1244738219	84476004	100466770
1244738239	73597036	104202337
1244738239	84476004	98304095
1244738239	84476004	100466770
1244738239	98304095	100466770
1244738259	84476004	98304095
1244738259	84476004	100466770
1244738259	98304095	100466770
1244738279	84476004	98304095
1244738279	84476004	100466770
1244738299	84476004	100466770
1244738299	104202337	98304095
1244738299	98304095	100466770
1244738319	84476004	98304095
1244738319	84476004	100466770
1244738319	98304095	100466770
1244738339	84476004	98304095
1244738339	84476004	100466770
1244738339	98304095	100466770
1244738359	84476004	100466770
1244738359	98304095	100466770
1244738379	84476004	98304095
1244738379	84476004	100466770
1244738379	98304095	100466770
1244738399	84476004	100466770
1244738399	98304095	100466770
1244738419	98304095	100466770
1244738439	84476004	100466770
1244738459	84476004	100466770
1244738459	98304095	100466770
1244738479	84476004	98304095
1244738479	84476004	100466770
1244738479	98304095	100466770
1244738499	84476004	98304095
1244738499	84476004	100466770
1244738499	98304095	100466770
1244738519	84476004	98304095
1244738519	84476004	100466770
1244738519	98304095	100466770
1244738539	84476004	98304095
1244738539	84476004	100466770
1244738559	84476004	100466770
1244738579	84476004	100466770
1244738599	73597036	104202337
1244738599	84476004	100466770
1244738599	98304095	100466770
1244738619	84476004	100466770
1244738619	98304095	100466770
1244738639	84476004	98304095
1244738639	84476004	100466770
1244738639	98304095	100466770
1244738659	84476004	100466770
1244738659	98304095	100466770
1244738679	84476004	100466770
1244738679	98304095	100466770
1244738719	84476004	100466770
1244738739	84476004	100466770
1244738759	84476004	100466770
1244738779	73597036	104202337
1244738779	84476004	100466770
1244738799	73597036	104202337
1244738799	84476004	100466770
1244738839	84476004	98304095
1244738839	84476004	100466770
1244738859	73597036	104202337
1244738859	84476004	100466770
1244738859	98304095	100466770
1244738879	84476004	100466770
1244738879	98304095	100466770
1244738899	73597036	104202337
1244738899	84476004	98304095
1244738899	84476004	100466770
1244738899	98304095	100466770
1244738919	73597036	104202337
1244738919	84476004	100466770
1244738939	73597036	104202337
1244738939	84476004	100466770
1244738959	84476004	100466770
1244738979	84476004	100466770
1244738999	84476004	100466770
1244739019	84476004	98304095
1244739019	84476004	100466770
1244739019	98304095	100466770
1244739039	78119004	95092815
1244739039	78119004	73269348
1244739039	78119004	74317913
1244739039	84476004	98304095
1244739039	84476004	100466770
1244739039	95092815	73269348
1244739039	95092815	74317913
1244739039	74317913	73269348
1244739039	98304095	100466770
1244739059	98304095	84476004
1244739059	98304095	100466770
1244739059	78970999	78184536
1244739059	78970999	90505331
1244739059	84476004	100466770
1244739079	98631771	78184536
1244739079	90505331	78970999
1244739079	90505331	103153754
1244739079	103153754	78970999
1244739079	103153754	74317913
1244739079	90636397	73269348
1244739079	74317913	78970999
1244739099	98631771	78970999
1244739099	98631771	103153754
1244739099	103153754	96075887
1244739099	103153754	78970999
1244739099	103153754	90636397
1244739099	78970999	96075887
1244739099	78970999	90505331
1244739119	98631771	78970999
1244739119	84476004	100466770
1244739119	98304095	100466770
1244739139	98631771	96075887
1244739139	98631771	78970999
1244739139	98631771	103153754
1244739139	103153754	96075887
1244739139	103153754	78970999
1244739139	84476004	98304095
1244739139	84476004	100466770
1244739139	98304095	100466770
1244739159	98631771	78970999
1244739159	103153754	78970999
1244739159	84476004	98304095
1244739159	84476004	100466770
1244739159	98304095	100466770
1244739179	98631771	96075887
1244739179	98631771	78970999
1244739179	98631771	94699615
1244739179	73597036	104202337
1244739179	94699615	96075887
1244739179	94699615	90505331
1244739179	94699615	90636397
1244739179	103153754	78184536
1244739179	103153754	78970999
1244739179	84476004	98304095
1244739179	84476004	100466770
1244739179	96075887	90505331
1244739179	98304095	100466770
1244739199	98631771	96075887
1244739199	98631771	94699615
1244739199	98631771	78970999
1244739199	73597036	104202337
1244739199	90505331	94699615
1244739199	103153754	78184536
1244739199	103153754	78970999
1244739219	98631771	96075887
1244739219	98631771	78970999
1244739219	98631771	90636397
1244739219	73597036	104202337
1244739219	90505331	103153754
1244739219	103153754	78184536
1244739219	90636397	96075887
1244739219	78970999	96075887
1244739219	98304095	100466770
1244739239	98631771	78970999
1244739239	94699615	78184536
1244739239	103153754	74317913
1244739239	103153754	90636397
1244739239	84476004	100466770
1244739239	78970999	78184536
1244739239	78184536	96075887
1244739239	98304095	100466770
1244739259	94699615	96075887
1244739259	103153754	74317913
1244739259	103153754	90636397
1244739259	90636397	78184536
1244739259	90636397	78970999
1244739259	78970999	96075887
1244739279	98631771	103153754
1244739279	98631771	90636397
1244739279	103153754	90505331
1244739279	103153754	74317913
1244739279	103153754	90636397
1244739279	90636397	74317913
1244739279	90636397	90505331
1244739279	74317913	90505331
1244739299	90505331	103153754
1244739299	103153754	74317913
1244739299	103153754	90636397
1244739299	90636397	78184536
1244739299	90636397	74317913
1244739299	90636397	78970999
1244739299	84476004	98304095
1244739319	73597036	104202337
1244739319	90505331	103153754
1244739319	103153754	90636397
1244739319	90636397	74317913
1244739319	90636397	78970999
1244739319	84476004	98304095
1244739339	98631771	78184536
1244739339	98631771	96075887
1244739339	98631771	74317913
1244739339	98631771	103153754
1244739339	90505331	96075887
1244739339	90505331	90636397
1244739339	103153754	78119004
1244739339	103153754	96075887
1244739339	90636397	96075887
1244739339	78184536	94699615
1244739339	78184536	74317913
1244739339	78184536	78970999
1244739339	74317913	78970999
1244739339	84476004	98304095
1244739359	98631771	96075887
1244739359	73597036	104202337
1244739359	90505331	96075887
1244739359	90505331	78970999
1244739359	103153754	78119004
1244739359	103153754	78970999
1244739359	90636397	96075887
1244739359	78184536	96075887
1244739359	78184536	78970999
1244739359	78184536	74317913
1244739359	78184536	94699615
1244739359	84476004	98304095
1244739359	84476004	100466770
1244739359	98304095	100466770
1244739379	98631771	78184536
1244739379	98631771	74317913
1244739379	73597036	104202337
1244739379	90505331	96075887
1244739379	90505331	78970999
1244739379	103153754	78119004
1244739379	103153754	96075887
1244739379	103153754	78970999
1244739379	78184536	78970999
1244739379	74317913	78970999
1244739379	84476004	100466770
1244739399	73597036	104202337
1244739399	90505331	78970999
1244739399	90636397	78970999
1244739399	84476004	98304095
1244739399	84476004	100466770
1244739399	74317913	78184536
1244739399	78970999	78184536
1244739399	78184536	96075887
1244739419	90505331	96075887
1244739419	90505331	78970999
1244739419	103153754	96075887
1244739419	84476004	100466770
1244739419	98304095	100466770
1244739439	90505331	96075887
1244739439	103153754	96075887
1244739459	90636397	78970999
1244739459	90636397	74317913
1244739459	98304095	100466770
1244739479	90505331	96075887
1244739479	78970999	96075887
1244739479	98304095	100466770
1244739499	98631771	96075887
1244739499	103153754	96075887
1244739499	90636397	74317913
1244739499	84476004	98304095
1244739499	84476004	100466770
1244739499	74317913	78970999
1244739499	78970999	96075887
1244739499	96075887	90505331
1244739499	98304095	100466770
1244739519	90505331	78970999
1244739519	78184536	74317913
1244739519	84476004	98304095
1244739519	84476004	100466770
1244739519	98304095	100466770
1244739539	98631771	78184536
1244739539	98631771	78970999
1244739539	98631771	90636397
1244739539	103153754	78119004
1244739539	90636397	78970999
1244739539	84476004	100466770
1244739539	74317913	78184536
1244739539	74317913	94699615
1244739559	90505331	96075887
1244739559	90505331	94699615
1244739559	103153754	96075887
1244739559	78184536	96075887
1244739559	78184536	94699615
1244739559	78184536	74317913
1244739559	74317913	96075887
1244739559	74317913	78970999
1244739559	104202337	100466770
1244739559	84476004	100466770
1244739579	90505331	96075887
1244739579	78184536	96075887
1244739579	78184536	94699615
1244739579	78184536	74317913
1244739579	78970999	96075887
1244739579	78970999	100466770
1244739579	84476004	100466770
1244739579	98304095	100466770
1244739579	73269348	94699615
1244739599	103153754	78970999
1244739599	90636397	74317913
1244739599	84476004	100466770
1244739599	78184536	94699615
1244739599	98304095	100466770
1244739619	90505331	96075887
1244739619	103153754	96075887
1244739619	103153754	78970999
1244739619	103153754	74317913
1244739619	90636397	78184536
1244739619	90636397	94699615
1244739619	90636397	74317913
1244739619	84476004	98304095
1244739619	84476004	100466770
1244739619	74317913	78970999
1244739619	78970999	96075887
1244739619	78184536	96075887
1244739619	78184536	94699615
1244739619	98304095	100466770
1244739639	98631771	94699615
1244739639	73597036	104202337
1244739639	103153754	74317913
1244739639	90636397	78970999
1244739639	90636397	74317913
1244739639	74317913	78970999
1244739639	78970999	100466770
1244739639	84476004	100466770
1244739639	98304095	100466770
1244739659	73597036	104202337
1244739659	90505331	96075887
1244739659	103153754	78119004
1244739659	103153754	96075887
1244739659	103153754	90636397
1244739659	90636397	78119004
1244739659	90636397	96075887
1244739659	84476004	98304095
1244739659	84476004	100466770
1244739659	74317913	78184536
1244739659	78970999	96075887
1244739659	78970999	94699615
1244739659	98304095	100466770
1244739679	103153754	96075887
1244739679	103153754	90636397
1244739679	84476004	98304095
1244739679	84476004	100466770
1244739679	78970999	96075887
1244739679	98304095	100466770
1244739699	103153754	96075887
1244739699	103153754	78970999
1244739699	103153754	90636397
1244739699	78184536	96075887
1244739699	78970999	96075887
1244739719	103153754	90636397
1244739719	78184536	94699615
1244739739	73597036	104202337
1244739739	90505331	96075887
1244739739	90505331	90636397
1244739739	103153754	90636397
1244739739	90636397	96075887
1244739739	74317913	73269348
1244739739	78970999	96075887
1244739759	73597036	104202337
1244739759	103153754	90636397
1244739759	78184536	96075887
1244739759	78970999	96075887
1244739779	73597036	104202337
1244739779	103153754	90636397
1244739779	78184536	96075887
1244739779	78184536	94699615
1244739779	78970999	96075887
1244739799	94699615	78184536
1244739799	103153754	96075887
1244739799	103153754	90505331
1244739799	103153754	90636397
1244739799	78970999	96075887
1244739799	78970999	90505331
1244739799	96075887	90505331
1244739819	94699615	78184536
1244739819	94699615	96075887
1244739819	90636397	90505331
1244739819	78970999	96075887
1244739839	90505331	103153754
1244739839	90505331	90636397
1244739839	90636397	78184536
1244739839	78970999	96075887
1244739859	90505331	90636397
1244739859	78970999	96075887
1244739879	78970999	96075887
1244739879	73269348	94699615
1244739899	90505331	78184536
1244739899	103153754	94699615
1244739899	90636397	96075887
1244739899	78184536	96075887
1244739899	78184536	78970999
1244739899	78970999	96075887
1244739919	90636397	96075887
1244739919	78970999	96075887
1244739939	90505331	96075887
1244739939	90636397	95092815
1244739939	78184536	96075887
1244739939	78970999	96075887
1244739959	73597036	104202337
1244739959	90636397	78184536
1244739959	78970999	96075887
1244739959	78970999	73269348
1244739959	96075887	73269348
1244739979	73597036	104202337
1244739979	103153754	78119004
1244739979	103153754	74317913
1244739979	103153754	90636397
1244739979	90636397	74317913
1244739979	95092815	96075887
1244739979	95092815	90505331
1244739979	78970999	96075887
1244739999	90505331	95092815
1244739999	103153754	95092815
1244739999	103153754	73269348
1244739999	90636397	74317913
1244739999	95092815	73269348
1244739999	74317913	96075887
1244739999	78970999	96075887
1244739999	78970999	94699615
1244740019	90505331	78970999
1244740019	90505331	103153754
1244740019	90505331	94699615
1244740019	103153754	96075887
1244740019	103153754	73269348
1244740019	90636397	74317913
1244740019	78184536	78970999
1244740019	78184536	94699615
1244740019	78970999	96075887
1244740019	78970999	94699615
1244740019	96075887	94699615
1244740039	73597036	104202337
1244740039	103153754	78184536
1244740039	96075887	90505331
1244740059	90505331	94699615
1244740059	90505331	103153754
1244740059	103153754	94699615
1244740059	103153754	96075887
1244740059	103153754	90636397
1244740059	90636397	96075887
1244740059	78184536	74317913
1244740059	74317913	78970999
1244740059	78970999	94699615
1244740079	73597036	104202337
1244740079	94699615	103153754
1244740079	103153754	96075887
1244740079	103153754	90636397
1244740079	103153754	78970999
1244740099	73597036	104202337
1244740099	94699615	96075887
1244740099	94699615	103153754
1244740099	103153754	96075887
1244740099	103153754	90636397
1244740099	103153754	78970999
1244740099	90636397	78184536
1244740099	90636397	74317913
1244740119	103153754	78970999
1244740139	98631771	78184536
1244740139	73597036	104202337
1244740139	103153754	96075887
1244740139	78184536	98304096
1244740159	98631771	90636397
1244740159	103153754	96075887
1244740159	90636397	78184536
1244740159	78184536	98304096
1244740159	74317913	78970999
1244740179	98631771	90636397
1244740179	103153754	78119004
1244740179	103153754	78184536
1244740179	78119004	96075887
1244740179	78184536	74317913
1244740199	98631771	90636397
1244740199	73597036	104202337
1244740199	95092815	73269348
1244740219	73597036	104202337
1244740259	98631771	90636397
1244740259	103153754	96075887
1244740259	103153754	74317913
1244740259	78970999	96075887
1244740279	103153754	95092815
1244740279	90636397	78970999
1244740279	74317913	96075887
1244740299	103153754	95092815
1244740299	74317913	96075887
1244740319	103153754	90636397
1244740319	103153754	78970999
1244740319	103153754	90505331
1244740319	90636397	78970999
1244740319	90636397	90505331
1244740319	78970999	90505331
1244740339	98631771	103153754
1244740359	94699615	96075887
1244740359	94699615	78970999
1244740359	103153754	90636397
1244740359	90636397	78184536
1244740359	90636397	78970999
1244740379	94699615	96075887
1244740379	94699615	103153754
1244740379	103153754	96075887
1244740379	95092815	73269348
1244740379	96075887	90505331
1244740399	90505331	94699615
1244740399	90505331	103153754
1244740399	103153754	78184536
1244740399	103153754	96075887
1244740399	103153754	94699615
1244740399	78184536	96075887
1244740399	78184536	94699615
1244740399	74317913	96075887
1244740419	96075887	98304096
1244740439	78184536	74317913
1244740459	78184536	74317913
1244740479	94699615	90505331
1244740499	94699615	73269348
1244740499	96075887	90505331
1244740519	90505331	94699615
1244740519	73269348	94699615
1244740539	94699615	73269348
1244740559	90505331	94699615
1244740559	90505331	73269348
1244740559	78119004	74317913
1244740559	73269348	94699615
1244740579	90505331	94699615
1244740579	103153754	74317913
1244740579	78184536	74317913
1244740579	78970999	98304096
1244740579	73269348	94699615
1244740599	94699615	90505331
1244740599	78184536	74317913
1244740619	90505331	94699615
1244740619	90636397	96075887
1244740619	78184536	74317913
1244740639	94699615	90505331
1244740639	90636397	78970999
1244740639	78184536	74317913
1244740659	98631771	96075887
1244740659	90636397	78184536
1244740659	78184536	74317913
1244740679	98631771	78970999
1244740679	90636397	78184536
1244740679	78184536	74317913
1244740699	78184536	74317913
1244740719	98631771	74317913
1244740719	103153754	90636397
1244740739	103153754	90636397
1244740739	90636397	78184536
1244740739	90636397	78970999
1244740739	90636397	74317913
1244740739	74317913	78970999
1244740759	98631771	78970999
1244740759	98631771	74317913
1244740759	94699615	90636397
1244740759	103153754	90636397
1244740759	90636397	78184536
1244740759	78184536	74317913
1244740779	103153754	94699615
1244740779	103153754	73269348
1244740779	90636397	94699615
1244740799	98631771	78184536
1244740799	98631771	103153754
1244740799	94699615	103153754
1244740799	103153754	73269348
1244740799	103153754	78184536
1244740799	74317913	78970999
1244740819	98631771	74317913
1244740819	98631771	103153754
1244740819	94699615	103153754
1244740819	94699615	73269348
1244740819	103153754	78184536
1244740819	103153754	73269348
1244740819	78184536	78970999
1244740839	98631771	103153754
1244740839	103153754	78970999
1244740839	103153754	90636397
1244740839	78184536	74317913
1244740839	74317913	78970999
1244740859	103153754	78970999
1244740859	103153754	74317913
1244740859	78184536	74317913
1244740859	74317913	78970999
1244740879	103153754	78184536
1244740879	103153754	78970999
1244740879	103153754	74317913
1244740879	90636397	78970999
1244740899	103153754	78184536
1244740899	103153754	78970999
1244740919	103153754	78184536
1244740919	103153754	78970999
1244740939	94699615	73269348
1244740939	103153754	78970999
1244740939	103153754	74317913
1244740959	103153754	74317913
1244740979	98631771	103153754
1244740979	98631771	73269348
1244740979	98631771	74317913
1244740979	94699615	73269348
1244740979	94699615	90636397
1244740979	103153754	78970999
1244740979	103153754	74317913
1244740979	103153754	90636397
1244740999	98631771	90505331
1244740999	98631771	103153754
1244740999	103153754	74317913
1244740999	73269348	94699615
1244741019	103153754	74317913
1244741039	103153754	78184536
1244741039	103153754	74317913
1244741059	103153754	74317913
1244741079	98631771	103153754
1244741079	103153754	78184536
1244741079	103153754	74317913
1244741099	103153754	74317913
1244741119	103153754	78184536
1244741119	78184536	94699615
1244741139	103153754	78184536
1244741139	103153754	74317913
1244741159	90505331	94699615
1244741159	103153754	78184536
1244741159	103153754	74317913
1244741159	90636397	94699615
1244741159	78184536	74317913
1244741159	78184536	94699615
1244741179	90505331	94699615
1244741179	103153754	78184536
1244741179	103153754	74317913
1244741179	78184536	96075887
1244741179	78184536	74317913
1244741199	103153754	78970999
1244741219	103153754	78970999
1244741239	98631771	96075887
1244741259	94699615	78184536
1244741279	98631771	78184536
1244741279	94699615	78184536
1244741279	94699615	90505331
1244741319	98631771	94699615
1244741319	98631771	73269348
1244741319	90636397	95092815
1244741319	90636397	74317913
1244741339	78184536	94699615
1244741339	95092815	73269348
1244741359	103153754	78184536
1244741359	90636397	95092815
1244741359	95092815	73269348
1244741379	103153754	78184536
1244741379	90636397	94699615
1244741379	95092815	73269348
1244741399	94699615	73269348
1244741399	94699615	90636397
1244741399	103153754	78184536
1244741419	90636397	94699615
1244741419	78184536	96075887
1244741419	95092815	73269348
1244741419	74317913	94699615
1244741439	103153754	96075887
1244741439	95092815	73269348
1244741459	78184536	96075887
1244741459	95092815	73269348
1244741479	103153754	96075887
1244741479	78184536	96075887
1244741499	103153754	96075887
1244741519	98631771	103153754
1244741519	98631771	74317913
1244741519	103153754	95092815
1244741539	98631771	74317913
1244741539	94699615	78970999
1244741539	103153754	95092815
1244741539	74317913	78970999
1244741559	74317913	73269348
1244741579	94699615	78970999
1244741579	103153754	78970999
1244741579	103153754	74317913
1244741579	74317913	73269348
1244741599	98631771	103153754
1244741599	98631771	94699615
1244741599	98631771	74317913
1244741599	98631771	78970999
1244741599	94699615	74317913
1244741599	103153754	78970999
1244741599	103153754	90636397
1244741619	98631771	74317913
1244741619	98631771	78970999
1244741619	98631771	103153754
1244741619	98631771	94699615
1244741619	94699615	78970999
1244741619	103153754	78970999
1244741619	103153754	90636397
1244741619	78184536	96075887
1244741639	98631771	78970999
1244741639	98631771	74317913
1244741639	98631771	94699615
1244741639	90505331	94699615
1244741639	103153754	90636397
1244741639	78970999	94699615
1244741639	78184536	96075887
1244741659	98631771	94699615
1244741659	98631771	103153754
1244741659	90505331	94699615
1244741659	90505331	103153754
1244741659	103153754	90636397
1244741659	103153754	78970999
1244741679	90505331	94699615
1244741679	90505331	103153754
1244741679	103153754	90636397
1244741699	98631771	94699615
1244741699	98631771	103153754
1244741699	94699615	90505331
1244741699	103153754	90505331
1244741719	98631771	74317913
1244741719	98631771	78970999
1244741719	98631771	103153754
1244741719	103153754	78970999
1244741739	98631771	103153754
1244741739	90505331	78970999
1244741739	90505331	103153754
1244741739	103153754	78970999
1244741759	98631771	103153754
1244741759	90505331	78970999
1244741759	90505331	103153754
1244741759	103153754	78970999
1244741759	78184536	96075887
1244741779	98631771	103153754
1244741779	103153754	78970999
1244741779	103153754	90505331
1244741779	78184536	96075887
1244741779	78970999	90505331
1244741799	90636397	94699615
1244741819	103153754	78119004
1244741819	103153754	78970999
1244741819	78184536	96075887
1244741839	98631771	90636397
1244741839	90505331	94699615
1244741839	103153754	90636397
1244741839	74317913	73269348
1244741859	94699615	90636397
1244741859	103153754	78970999
1244741859	103153754	74317913
1244741859	103153754	90505331
1244741859	90636397	90505331
1244741859	74317913	73269348
1244741859	74317913	90505331
1244741859	78970999	90505331
1244741879	90505331	94699615
1244741879	78184536	96075887
1244741879	96075887	73269348
1244741899	94699615	78970999
1244741899	94699615	90505331
1244741899	78184536	96075887
1244741899	78970999	90505331
1244741919	90505331	94699615
1244741919	78970999	94699615
1244741939	94699615	90505331
1244741939	94699615	74317913
1244741939	94699615	78970999
1244741959	90505331	94699615
1244741959	78970999	94699615
1244741959	78184536	96075887
1244741979	94699615	90505331
1244741979	94699615	74317913
1244741979	78184536	96075887
1244741999	94699615	90636397
1244741999	103153754	73269348
1244741999	78119004	73269348
1244742019	94699615	78970999
1244742019	94699615	103153754
1244742019	94699615	90505331
1244742019	103153754	78119004
1244742019	103153754	90505331
1244742019	78119004	74317913
1244742019	78119004	90505331
1244742039	90505331	94699615
1244742039	90505331	103153754
1244742039	90505331	78970999
1244742039	103153754	74317913
1244742059	90505331	103153754
1244742059	90636397	74317913
1244742059	78970999	94699615
1244742079	103153754	74317913
1244742079	90636397	74317913
1244742079	95092815	90505331
1244742079	74317913	90505331
1244742099	103153754	74317913
1244742099	78119004	74317913
1244742119	98631771	95092815
1244742119	103153754	74317913
1244742139	98631771	73269348
1244742139	98631771	103153754
1244742159	98631771	103153754
1244742159	103153754	74317913
1244742179	103153754	74317913
1244742199	98631771	103153754
1244742199	103153754	74317913
1244742219	98631771	103153754
1244742219	94699615	78970999
1244742219	103153754	78970999
1244742219	103153754	74317913
1244742219	74317913	78970999
1244742239	98631771	103153754
1244742239	90505331	94699615
1244742239	103153754	78970999
1244742239	74317913	78970999
1244742239	74317913	94699615
1244742239	78970999	94699615
1244742259	98631771	103153754
1244742259	94699615	78119004
1244742259	94699615	78970999
1244742259	94699615	103153754
1244742259	94699615	90505331
1244742259	103153754	78970999
1244742259	74317913	78970999
1244742279	98631771	103153754
1244742279	94699615	90505331
1244742279	94699615	103153754
1244742279	103153754	74317913
1244742299	78119004	94699615
1244742319	94699615	78119004
1244742319	103153754	90636397
1244742339	98631771	103153754
1244742359	94699615	78119004
1244742359	94699615	78970999
1244742359	103153754	90636397
1244742359	78970999	90505331
1244742379	98631771	95092815
1244742379	90505331	74317913
1244742379	90636397	74317913
1244742379	95092815	84476005
1244742399	98631771	78184536
1244742399	103153754	74317913
1244742419	98631771	78184536
1244742419	103153754	94699615
1244742419	103153754	74317913
1244742439	98631771	78184536
1244742439	103153754	94699615
1244742459	94699615	103153754
1244742479	103153754	94699615
1244742499	98631771	78184536
1244742499	95092815	73269348
1244742519	103153754	94699615
1244742519	95092815	73269348
1244742519	74317913	78970999
1244742539	98631771	90636397
1244742539	94699615	103153754
1244742539	78184536	96075887
1244742559	98631771	90636397
1244742559	90636397	78119004
1244742559	90636397	73269348
1244742559	74317913	78970999
1244742579	98631771	94699615
1244742579	98631771	74317913
1244742579	98631771	90505331
1244742579	94699615	95092815
1244742579	94699615	90505331
1244742579	103153754	78970999
1244742579	103153754	74317913
1244742579	90636397	90505331
1244742579	95092815	73269348
1244742599	98631771	94699615
1244742619	103153754	94699615
1244742619	90636397	78970999
1244742619	74317913	94699615
1244742639	78184536	96075887
1244742639	95092815	73269348
1244742659	103153754	90636397
1244742679	103153754	90636397
1244742679	90636397	74317913
1244742679	78184536	96075887
1244742699	94699615	95092815
1244742699	94699615	78970999
1244742699	94699615	90636397
1244742699	90636397	95092815
1244742699	90636397	78970999
1244742699	90636397	73269348
1244742699	95092815	73269348
1244742699	95092815	78970999
1244742719	78184536	96075887
1244742819	78119004	90636397
