1244023359	73597020	100466747
1244023379	73597020	100466747
1244023399	73597020	100466747
1244023419	73597020	100466747
1244023439	73597020	100466747
1244023439	104202315	102695000
1244023459	73597020	100466747
1244023459	104202315	102695000
1244023479	73597020	100466747
1244023479	104202315	102695000
1244023499	73597020	100466747
1244023499	104202315	102695000
1244023519	73597020	100466747
1244023519	104202315	102695000
1244023539	73597020	100466747
1244023539	104202315	102695000
1244023559	104202315	102695000
1244023579	73597020	100466747
1244023579	100466747	104202315
1244023579	104202315	102695000
1244023599	73597020	100466747
1244023599	104202315	102695000
1244023619	104202315	102695000
1244023639	104202315	102695000
1244023659	73597020	100466747
1244023659	104202315	102695000
1244023679	73597020	100466747
1244023679	104202315	102695000
1244023739	104202315	102695000
1244023759	104202315	102695000
1244023779	104202315	102695000
1244023799	104202315	102695000
1244023819	104202315	102695000
1244023839	104202315	102695000
1244023859	104202315	102695000
1244023879	73597020	100466747
1244023879	104202315	102695000
1244023899	73597020	100466747
1244023899	104202315	102695000
1244023919	104202315	102695000
1244023939	104202315	102695000
1244023959	104202315	102695000
1244023979	104202315	102695000
1244023999	104202315	102695000
1244024019	104202315	102695000
1244024039	104202315	102695000
1244024059	104202315	102695000
1244024079	104202315	102695000
1244024099	104202315	102695000
1244024119	104202315	102695000
1244024139	104202315	102695000
1244024159	104202315	102695000
1244024179	104202315	102695000
1244024219	104202315	102695000
1244024239	104202315	102695000
1244024259	104202315	102695000
1244024279	104202315	102695000
1244024319	73597020	100466747
1244024319	104202315	102695000
1244024339	73597020	100466747
1244024339	104202315	102695000
1244024379	104202315	102695000
1244024399	104202315	102695000
1244024419	104202315	102695000
1244024439	73597020	100466747
1244024439	104202315	102695000
1244024459	73597020	100466747
1244024459	104202315	102695000
1244024479	73597020	100466747
1244024479	104202315	102695000
1244024499	73597020	100466747
1244024499	104202315	102695000
1244024519	73597020	100466747
1244024539	73597020	100466747
1244024559	73597020	100466747
1244024559	104202315	102695000
1244024579	73597020	100466747
1244024579	104202315	102695000
1244024599	73597020	100466747
1244024619	73597020	100466747
1244024639	104202315	102695000
1244024659	73597020	100466747
1244024659	104202315	102695000
1244024699	73597020	100466747
1244024719	73597020	100466747
1244024739	73597020	100466747
1244024779	73597020	100466747
1244024799	88604742	94175315
1244024799	76021831	94175315
1244024799	73597020	100466747
1244024819	73597020	100466747
1244024819	76021831	88604742
1244024819	76021831	82444381
1244024819	76021831	94175315
1244024819	82444381	88604742
1244024819	82444381	94175315
1244024819	94175315	88604742
1244024839	76021831	88604742
1244024839	76021831	82444381
1244024839	76021831	94175315
1244024839	82444381	88604742
1244024839	82444381	94175315
1244024839	88604742	94175315
1244024859	76021831	88604742
1244024859	76021831	82444381
1244024859	76021831	94175315
1244024859	82444381	88604742
1244024859	94175315	88604742
1244024879	88604742	76021831
1244024879	88604742	82444381
1244024879	88604742	94175315
1244024879	82444381	76021831
1244024879	76021831	94175315
1244024899	88604742	76021831
1244024939	88604742	76021831
1244024939	88604742	94175315
1244024939	94175315	76021831
1244024959	73597020	100466747
1244024979	88604742	76021831
1244024999	88604742	76021831
1244025019	88604742	94175315
1244025119	88604742	94175315
1244025119	76021831	94175315
1244025139	88604742	94175315
1244025159	88604742	94175315
1244025179	88604742	94175315
1244025199	76021831	88604742
1244025239	88604742	94175315
1244025239	84475989	86966367
1244025259	88604742	76021831
1244025259	88604742	94175315
1244025259	84475989	86966367
1244025279	88604742	94175315
1244025279	84475989	86966367
1244025299	84475989	86966367
1244025299	88604742	94175315
1244025339	73597020	100466747
1244025339	88604742	94175315
1244025359	76021831	88604742
1244025359	76021831	94175315
1244025359	88604742	94175315
1244025379	88604742	94175315
1244025399	88604742	94175315
1244025399	84475989	86966367
1244025419	88604742	94175315
1244025439	73597020	100466747
1244025439	88604742	94175315
1244025459	73597020	100466747
1244025459	88604742	76021831
1244025459	88604742	94175315
1244025459	84475989	86966367
1244025479	73597020	100466747
1244025479	88604742	94175315
1244025499	73597020	100466747
1244025499	88604742	94175315
1244025499	84475989	86966367
1244025519	76021831	88604742
1244025519	84475989	86966367
1244025519	88604742	94175315
1244025539	73597020	100466747
1244025539	88604742	76021831
1244025539	88604742	94175315
1244025539	84475989	86966367
1244025559	73597020	100466747
1244025559	88604742	76021831
1244025559	88604742	94175315
1244025559	84475989	86966367
1244025579	76021831	88604742
1244025579	84475989	86966367
1244025579	88604742	94175315
1244025599	73597020	100466747
1244025599	88604742	76021831
1244025599	88604742	94175315
1244025599	84475989	86966367
1244025619	73597020	100466747
1244025619	88604742	94175315
1244025619	84475989	86966367
1244025639	88604742	94175315
1244025639	84475989	86966367
1244025659	73597020	100466747
1244025659	88604742	76021831
1244025659	88604742	94175315
1244025659	84475989	86966367
1244025659	76021831	94175315
1244025679	73597020	100466747
1244025679	88604742	94175315
1244025679	84475989	86966367
1244025699	73597020	100466747
1244025699	88604742	94175315
1244025699	84475989	86966367
1244025719	73597020	100466747
1244025719	84475989	86966367
1244025739	73597020	100466747
1244025759	73597020	100466747
1244025759	88604742	94175315
1244025779	73597020	100466747
1244025779	76021831	88604742
1244025779	84475989	86966367
1244025779	88604742	94175315
1244025799	73597020	100466747
1244025799	76021831	88604742
1244025799	76021831	94175315
1244025799	84475989	86966367
1244025799	82444381	88604742
1244025819	76021831	88604742
1244025819	84475989	86966367
1244025819	88604742	94175315
1244025839	73597020	100466747
1244025839	88604742	76021831
1244025839	88604742	94175315
1244025839	84475989	86966367
1244025839	76021831	94175315
1244025859	73597020	100466747
1244025859	76021831	88604742
1244025859	76021831	94175315
1244025859	84475989	86966367
1244025859	88604742	94175315
1244025879	73597020	100466747
1244025879	76021831	88604742
1244025879	76021831	94175315
1244025879	84475989	86966367
1244025899	73597020	100466747
1244025899	84475989	86966367
1244025899	88604742	94175315
1244025919	73597020	100466747
1244025919	76021831	88604742
1244025919	84475989	86966367
1244025939	73597020	100466747
1244025939	76021831	88604742
1244025939	76021831	94175315
1244025939	84475989	86966367
1244025959	73597020	100466747
1244025959	84475989	86966367
1244025979	73597020	100466747
1244025999	73597020	100466747
1244025999	76021831	88604742
1244025999	84475989	86966367
1244026019	73597020	100466747
1244026019	76021831	88604742
1244026019	84475989	86966367
1244026039	73597020	100466747
1244026039	84475989	86966367
1244026059	84475989	86966367
1244026079	73597020	100466747
1244026079	84475989	86966367
1244026099	73597020	100466747
1244026099	84475989	86966367
1244026119	73597020	100466747
1244026119	84475989	86966367
1244026139	73597020	100466747
1244026139	84475989	86966367
1244026159	73597020	100466747
1244026159	84475989	86966367
1244026179	73597020	100466747
1244026179	84475989	86966367
1244026199	73597020	100466747
1244026199	88604742	94175315
1244026199	84475989	86966367
1244026219	73597020	100466747
1244026219	88604742	76021831
1244026219	88604742	94175315
1244026239	73597020	100466747
1244026239	84475989	86966367
1244026239	88604742	94175315
1244026259	73597020	100466747
1244026259	76021831	94175315
1244026259	84475989	86966367
1244026259	88604742	94175315
1244026279	73597020	100466747
1244026279	88604742	76021831
1244026279	88604742	94175315
1244026279	76021831	94175315
1244026299	73597020	100466747
1244026299	76021831	88604742
1244026299	76021831	94175315
1244026299	84475989	88604742
1244026299	84475989	86966367
1244026299	86966367	94175315
1244026299	88604742	94175315
1244026319	73597020	100466747
1244026339	73597020	100466747
1244026339	88604742	94175315
1244026339	84475989	86966367
1244026359	73597020	100466747
1244026379	88604742	94175315
1244026399	88604742	94175315
1244026399	84475989	86966367
1244026399	76021831	100466747
1244026419	73597020	100466747
1244026419	76021831	100466747
1244026419	84475989	86966367
1244026439	73597020	100466747
1244026439	88604742	76021831
1244026439	76021831	94175315
1244026459	73597020	100466747
1244026459	88604742	76021831
1244026459	88604742	94175315
1244026459	82444381	76021831
1244026459	76021831	94175315
1244026479	76021831	88604742
1244026479	84475989	86966367
1244026479	88604742	94175315
1244026499	73597020	100466747
1244026499	76021831	88604742
1244026499	88604742	94175315
1244026519	73597020	76021831
1244026519	73597020	100466747
1244026519	88604742	76021831
1244026519	88604742	94175315
1244026519	84475989	86966367
1244026519	76021831	94175315
1244026539	73597020	100466747
1244026539	76021831	88604742
1244026539	76021831	94175315
1244026539	88604742	94175315
1244026559	73597020	100466747
1244026559	76021831	88604742
1244026559	76021831	94175315
1244026579	73597020	100466747
1244026579	88604742	76021831
1244026579	76021831	94175315
1244026599	73597020	100466747
1244026599	88604742	76021831
1244026599	84475989	86966367
1244026599	76021831	94175315
1244026619	73597020	100466747
1244026619	76021831	88604742
1244026619	76021831	94175315
1244026639	76021831	88604742
1244026639	76021831	94175315
1244026639	84475989	86966367
1244026639	88604742	94175315
1244026659	73597020	100466747
1244026659	88604742	94175315
1244026659	84475989	86966367
1244026679	73597020	100466747
1244026679	103153740	78381144
1244026679	84475989	86966367
1244026679	88604742	94175315
1244026699	73597020	100466747
1244026699	103153740	78381144
1244026699	84475989	86966367
1244026699	88604742	94175315
1244026719	73597020	100466747
1244026719	84475989	86966367
1244026719	88604742	94175315
1244026739	73597020	100466747
1244026739	84475989	86966367
1244026759	73597020	100466747
1244026759	88604742	94175315
1244026779	88604742	94175315
1244026799	103153740	78381144
1244026799	88604742	94175315
1244026819	76021831	88604742
1244026819	76021831	94175315
1244026819	88604742	94175315
1244026839	73597020	100466747
1244026839	76021831	88604742
1244026859	73597020	100466747
1244026859	103153740	78381144
1244026859	88604742	76021831
1244026859	83034218	78970980
1244026879	73597020	100466747
1244026879	88604742	76021831
1244026879	83034218	78970980
1244026899	73597020	100466747
1244026899	76021831	88604742
1244026919	73597020	100466747
1244026919	76021831	88604742
1244026939	73597020	100466747
1244026939	103153740	78381144
1244026939	76021831	88604742
1244026939	88604742	94175315
1244026959	73597020	83034218
1244026959	73597020	100466747
1244026959	103153740	78381144
1244026959	88604742	76021831
1244026959	88604742	94175315
1244026959	76021831	94175315
1244026959	83034218	78970980
1244026959	78970980	100466747
1244026979	73597020	100466747
1244026979	103153740	78381144
1244026979	76021831	88604742
1244026979	76021831	94175315
1244026999	73597020	100466747
1244026999	76021831	94175315
1244026999	88604742	94175315
1244026999	83034218	78970980
1244027019	73597020	100466747
1244027019	76021831	88604742
1244027019	76021831	94175315
1244027019	88604742	94175315
1244027039	73597020	100466747
1244027039	76021831	88604742
1244027059	88604742	76021831
1244027059	88604742	94175315
1244027059	76021831	94175315
1244027079	88604742	76021831
1244027079	76021831	94175315
1244027099	88604742	94175315
1244027119	88604742	94175315
1244027119	76021831	94175315
1244027119	83034218	78970980
1244027139	88604742	94175315
1244027139	83034218	78970980
1244027159	76021831	88604742
1244027179	88604742	76021831
1244027179	88604742	94175315
1244027199	88604742	94175315
1244027199	84475989	86966367
1244027219	103153740	78381144
1244027219	76021831	82444381
1244027219	76021831	94175315
1244027239	88604742	76021831
1244027239	88604742	94175315
1244027239	101253190	98304071
1244027259	103153740	78381144
1244027259	88604742	76021831
1244027259	101253190	98304071
1244027279	103153740	78381144
1244027279	76021831	88604742
1244027279	101253190	98304071
1244027299	103153740	78381144
1244027299	103153740	94175315
1244027299	88604742	76021831
1244027319	88604742	94175315
1244027339	76021831	88604742
1244027339	88604742	94175315
1244027359	103153740	78381144
1244027359	76021831	94175315
1244027379	103153740	78381144
1244027379	76021831	88604742
1244027379	76021831	94175315
1244027399	103153740	78381144
1244027399	76021831	88604742
1244027399	76021831	94175315
1244027399	88604742	94175315
1244027419	76021831	88604742
1244027419	76021831	94175315
1244027419	88604742	94175315
1244027439	76021831	88604742
1244027439	76021831	74776665
1244027439	88604742	94175315
1244027439	83034218	78970980
1244027459	76021831	88604742
1244027459	76021831	74776665
1244027459	76021831	94175315
1244027479	103153740	78381144
1244027479	88604742	76021831
1244027479	88604742	94175315
1244027479	101253190	98304071
1244027479	76021831	94175315
1244027499	76021831	88604742
1244027499	76021831	94175315
1244027519	103153740	78381144
1244027519	76021831	88604742
1244027519	76021831	94175315
1244027519	101253190	98304071
1244027539	103153740	78381144
1244027539	88604742	76021831
1244027539	76021831	94175315
1244027559	103153740	78381144
1244027559	76021831	88604742
1244027559	88604742	74776665
1244027579	76021831	88604742
1244027579	76021831	74776665
1244027579	101253190	98304071
1244027599	103153740	78381144
1244027599	76021831	88604742
1244027599	76021831	94175315
1244027599	101253190	98304071
1244027599	86966367	84475989
1244027599	88604742	94175315
1244027599	83034218	78970980
1244027619	103153740	78381144
1244027619	76021831	88604742
1244027619	83034218	78970980
1244027619	101253190	98304071
1244027639	76021831	88604742
1244027659	76021831	88604742
1244027659	101253190	98304071
1244027679	103153740	78381144
1244027679	76021831	88604742
1244027679	101253190	98304071
1244027679	83034218	78970980
1244027699	103153740	78381144
1244027699	76021831	88604742
1244027719	103153740	78381144
1244027719	88604742	94175315
1244027739	76021831	88604742
1244027739	101253190	98304071
1244027739	88604742	94175315
1244027759	83034218	78970980
1244027779	76021831	88604742
1244027779	86966367	84475989
1244027799	88604742	94175315
1244027799	84475989	86966367
1244027819	76021831	88604742
1244027819	101253190	98304071
1244027819	88604742	94175315
1244027839	88604742	94175315
1244027839	76021831	94175315
1244027859	88604742	94175315
1244027879	88604742	76021831
1244027879	76021831	94175315
1244027899	76021831	94175315
1244027919	103153740	78381144
1244027919	76021831	94175315
1244027959	88604742	76021831
1244027959	76021831	94175315
1244027979	101253190	98304071
1244027979	86966367	84475989
1244027999	88604742	76021831
1244027999	101253190	98304071
1244028019	103153740	78381144
1244028019	101253190	98304071
1244028019	76021831	94175315
1244028039	103153740	78381144
1244028039	88604742	94175315
1244028039	101253190	98304071
1244028039	86966367	84475989
1244028039	76021831	94175315
1244028059	103153740	78381144
1244028059	76021831	88604742
1244028059	76021831	94175315
1244028059	101253190	98304071
1244028059	88604742	94175315
1244028079	103153740	78381144
1244028079	88604742	94175315
1244028099	73597021	78970981
1244028099	73597021	74776666
1244028099	88604742	94175315
1244028099	76021831	94175315
1244028099	78970981	100466748
1244028099	78970981	74776666
1244028119	103153740	78381144
1244028119	105906237	83034219
1244028119	105906237	74776666
1244028119	105906237	78970981
1244028119	88604742	94175315
1244028119	78970981	102695002
1244028139	101843029	94699587
1244028139	102695002	105906237
1244028139	102695002	78839895
1244028139	102695002	78970981
1244028139	94699587	99352643
1244028139	94699587	78970981
1244028139	103153740	78381144
1244028139	78970981	73597021
1244028139	78970981	99352643
1244028139	83034219	100466748
1244028159	101253190	98304071
1244028159	101843029	78839895
1244028159	101843029	99352643
1244028159	101843029	78970981
1244028159	101843029	100335705
1244028159	94175315	88604742
1244028159	94699587	78839895
1244028159	78970981	100335705
1244028159	83034219	100466748
1244028159	74776666	100335705
1244028179	100991076	76283987
1244028179	76021831	94175315
1244028179	76283987	105906237
1244028179	76283987	100335705
1244028179	101843029	78839895
1244028179	78839895	100335705
1244028199	76021831	88604742
1244028199	76021831	94175315
1244028199	101843029	78839895
1244028199	102695002	78839895
1244028199	78970981	73597021
1244028199	78970981	83034219
1244028199	73597021	83034219
1244028219	100991076	76283987
1244028219	76021831	88604742
1244028219	76021831	94175315
1244028219	101843029	78839895
1244028219	94175315	88604742
1244028219	78970981	73597021
1244028239	100991076	76283987
1244028239	76021831	88604742
1244028239	76283987	105906237
1244028239	101843029	78839895
1244028239	78970981	73597021
1244028239	105906237	73597021
1244028239	105906237	74776666
1244028259	76283987	100466748
1244028259	101843029	78839895
1244028259	94175315	88604742
1244028259	103153740	78381144
1244028259	86966367	84475989
1244028259	78970981	100466748
1244028259	73597021	100466748
1244028279	76021831	88604742
1244028279	101253190	98304071
1244028279	94699587	78839895
1244028279	103153740	78381144
1244028279	86966367	84475989
1244028299	76021831	88604742
1244028299	84475989	86966367
1244028299	101843029	94699587
1244028299	94699587	78839895
1244028299	103153740	78381144
1244028319	76021831	88604742
1244028319	94699587	78839895
1244028339	76021831	88604742
1244028339	94175315	88604742
1244028339	94699587	78839895
1244028339	78970981	105906237
1244028359	76021831	88604742
1244028359	94699587	78839895
1244028359	78970981	105906237
1244028379	101253190	98304071
1244028379	94699587	78839895
1244028379	105906237	100466748
1244028399	100991076	78839895
1244028399	76021831	94175315
1244028399	101253190	98304071
1244028399	101843029	94699587
1244028399	94699587	78839895
1244028399	94699587	74776666
1244028399	88604742	100335705
1244028399	78839895	74776666
1244028399	105906237	100466748
1244028419	100991076	78839895
1244028419	76021831	88604742
1244028419	76021831	78970981
1244028419	101843029	94699587
1244028419	94699587	100466748
1244028419	78839895	73597021
1244028419	78839895	100466748
1244028419	105906237	74776666
1244028419	73597021	100466748
1244028439	100991076	78839895
1244028439	76021831	88604742
1244028439	76021831	82444381
1244028439	76021831	94175315
1244028439	94175315	88604742
1244028439	102695002	94699587
1244028439	102695002	74776666
1244028439	102695002	100466748
1244028439	103153740	78381144
1244028439	78381144	86966367
1244028439	86966367	84475989
1244028439	78839895	100466748
1244028439	78970981	105906237
1244028439	88604742	82444381
1244028439	74776666	100466748
1244028459	76021831	88604742
1244028459	76021831	82444381
1244028459	76021831	94175315
1244028459	84475989	86966367
1244028459	94175315	88604742
1244028459	94175315	82444381
1244028459	103153740	78381144
1244028459	88604742	82444381
1244028459	78839895	100466748
1244028459	78839895	74776666
1244028459	78970981	105906237
1244028459	74776666	100466748
1244028479	100991076	78839895
1244028479	100991076	94699587
1244028479	76021831	88604742
1244028479	76021831	82444381
1244028479	76021831	94175315
1244028479	84475989	86966367
1244028479	94175315	88604742
1244028479	94175315	82444381
1244028479	94699587	78839895
1244028479	103153740	78381144
1244028479	88604742	82444381
1244028479	105906237	74776666
1244028479	105906237	100466748
1244028479	74776666	100466748
1244028499	94699587	101843029
1244028499	100991076	78839895
1244028499	103153740	78381144
1244028499	100466748	105906237
1244028499	105906237	74776666
1244028499	105906237	78970981
1244028519	94699587	78839895
1244028519	100466748	78970981
1244028519	105906237	78970981
1244028539	94699587	78839895
1244028539	84475989	86966367
1244028539	105906237	78970981
1244028539	105906237	100466748
1244028539	78970981	100466748
1244028559	94699587	78839895
1244028559	100466748	105906237
1244028559	100466748	78970981
1244028559	105906237	78970981
1244028579	94699587	78839895
1244028579	76283987	78839895
1244028579	100466748	78970981
1244028579	105906237	78970981
1244028599	78970981	105906237
1244028599	105906237	100466748
1244028599	76283987	78839895
1244028619	78970981	105906237
1244028619	78970981	100466748
1244028619	94699587	78839895
1244028619	76283987	105906237
1244028619	76283987	78839895
1244028639	94699587	78839895
1244028639	78839895	76283987
1244028639	86966367	84475989
1244028639	105906237	78970981
1244028639	76283987	78970981
1244028659	94699587	78839895
1244028659	103153740	78381144
1244028659	84475989	86966367
1244028659	100466748	76283987
1244028659	105906237	76283987
1244028659	105906237	78970981
1244028679	78381144	103153740
1244028679	78970981	105906237
1244028679	78970981	100466748
1244028679	94699587	78839895
1244028679	105906237	74776666
1244028679	105906237	76283987
1244028679	105906237	100466748
1244028679	76283987	78839895
1244028699	94699587	78839895
1244028699	103153740	78381144
1244028699	105906237	76283987
1244028699	105906237	78970981
1244028699	105906237	74776666
1244028719	76283987	78970981
1244028719	76283987	100466748
1244028719	94699587	78839895
1244028719	78970981	105906237
1244028719	78970981	100466748
1244028719	105906237	74776666
1244028739	76283987	105906237
1244028739	76283987	78970981
1244028739	101843029	94699587
1244028739	94699587	78839895
1244028739	103153740	78381144
1244028739	78970981	105906237
1244028739	78970981	100466748
1244028739	105906237	74776666
1244028759	76283987	105906237
1244028759	76283987	78839895
1244028759	101843029	94699587
1244028759	78970981	105906237
1244028759	105906237	74776666
1244028759	73597021	100466748
1244028779	76283987	78970981
1244028779	103153740	78381144
1244028779	73597021	100466748
1244028799	102695002	78839895
1244028799	78970981	105906237
1244028799	105906237	74776666
1244028799	73597021	100466748
1244028819	76283987	78970981
1244028819	78839895	100466748
1244028819	78970981	100466748
1244028839	78970981	105906237
1244028859	100466748	78970981
1244028859	105906237	78970981
1244028859	78839895	74776666
1244028879	76283987	78839895
1244028879	78839895	78970981
1244028879	78970981	100466748
1244028899	102695002	100466748
1244028899	103153740	78381144
1244028899	78839895	83034219
1244028899	78839895	100466748
1244028899	78839895	78970981
1244028899	88604743	98304072
1244028899	105906237	73597021
1244028899	74776666	100466748
1244028919	100991076	105906237
1244028919	100991076	74776666
1244028919	102695002	100466748
1244028919	103153740	78381144
1244028919	78839895	83034219
1244028919	78970981	105906237
1244028919	78970981	73597021
1244028919	88604743	98304072
1244028919	105906237	73597021
1244028919	73597021	74776666
1244028939	100991076	105906237
1244028939	100991076	74776666
1244028939	76283987	78839895
1244028939	103153740	78381144
1244028939	78970981	74776666
1244028939	88604743	98304072
1244028959	100991076	73597021
1244028959	100991076	78970981
1244028959	100991076	74776666
1244028959	76283987	105906237
1244028959	76283987	78839895
1244028959	94699587	105906237
1244028959	78970981	73597021
1244028959	105906237	74776666
1244028959	73597021	74776666
1244028979	76283987	78970981
1244028979	76283987	74776666
1244028979	101843029	94699587
1244028979	94699587	105906237
1244028979	94699587	78839895
1244028979	88604743	98304072
1244028979	78839895	105906237
1244028979	78839895	78970981
1244028979	78970981	74776666
1244028979	74776666	100335705
1244028999	100991076	73597021
1244028999	76283987	74776666
1244028999	101843029	94699587
1244028999	102695002	105906237
1244028999	94699587	78970981
1244028999	94699587	74776666
1244028999	103153740	78381144
1244028999	88604743	98304072
1244028999	78839895	100335705
1244028999	78839895	74776666
1244028999	78970981	74776666
1244028999	76087381	105906237
1244029019	100991076	105906237
1244029019	100991076	74776666
1244029019	101843029	78839895
1244029019	101843029	78970981
1244029019	94699587	78839895
1244029019	88604743	98304072
1244029019	78839895	100466748
1244029019	78970981	105906237
1244029019	78970981	74776666
1244029019	78970981	100466748
1244029019	105906237	99352643
1244029019	105906237	100466748
1244029019	73597021	74776666
1244029019	100335705	100466748
1244029039	100991076	105906237
1244029039	100991076	73597021
1244029039	101843029	78839895
1244029039	94699587	78839895
1244029039	88604743	98304072
1244029039	105906237	100335705
1244029059	100991076	74776666
1244029059	84475989	86966367
1244029059	76283987	78970981
1244029059	101843029	94699587
1244029059	94699587	78839895
1244029059	103153740	78381144
1244029059	88604743	98304072
1244029059	78839895	78970981
1244029059	78970981	105906237
1244029079	84475989	86966367
1244029079	94699587	78970981
1244029079	103153740	78381144
1244029079	78839895	105906237
1244029079	88604743	98304072
1244029099	100991076	105906237
1244029099	100991076	78839895
1244029099	100991076	98304072
1244029099	100991076	74776666
1244029099	84475989	86966367
1244029099	78839895	105906237
1244029099	78970981	88604743
1244029099	78970981	105906237
1244029099	78970981	98304072
1244029099	78970981	74776666
1244029099	88604743	98304072
1244029099	105906237	100335705
1244029119	100991076	78970981
1244029119	84475989	86966367
1244029119	88604743	78839895
1244029119	88604743	98304072
1244029119	78839895	98304072
1244029119	78970981	105906237
1244029139	100991076	100335705
1244029139	101843029	94699587
1244029139	101843029	78970981
1244029139	94699587	78839895
1244029139	94699587	78970981
1244029139	86966367	84475989
1244029139	78839895	98304072
1244029139	78970981	105906237
1244029139	78970981	74776666
1244029139	88604743	98304072
1244029139	105906237	74776666
1244029159	100991076	73597021
1244029159	100991076	74776666
1244029159	76283987	78839895
1244029159	101843029	94699587
1244029159	94699587	78970981
1244029159	103153740	88604743
1244029159	78839895	100466748
1244029159	78970981	105906237
1244029159	88604743	98304072
1244029159	105906237	98304072
1244029159	98304072	74776666
1244029179	100991076	73597021
1244029179	100991076	76283987
1244029179	100991076	100335705
1244029179	76283987	73597021
1244029179	76283987	78839895
1244029179	76283987	78970981
1244029179	102695002	78970981
1244029179	103153740	78381144
1244029179	103153740	78970981
1244029179	78970981	105906237
1244029179	88604743	98304072
1244029179	105906237	100335705
1244029179	105906237	73597021
1244029179	105906237	74776666
1244029179	73597021	100335705
1244029179	74776666	100335705
1244029199	103153740	78381144
1244029199	78839895	73597021
1244029199	88604743	98304072
1244029219	101843029	105906237
1244029219	94699587	105906237
1244029219	88604743	98304072
1244029219	78839895	105906237
1244029219	78839895	100335705
1244029239	94699587	78839895
1244029239	88604743	98304072
1244029239	78970981	100466748
1244029239	74776666	100466748
1244029259	76283987	73597021
1244029259	101843029	78970981
1244029259	94699587	78970981
1244029259	88604743	98304072
1244029259	78970981	100466748
1244029259	99352643	100466748
1244029259	83034219	100466748
1244029279	99352643	100466748
1244029279	76087381	78839895
1244029279	105906237	78970981
1244029279	78839895	102695002
1244029279	78970981	100466748
1244029299	103153740	78381144
1244029299	99352643	100466748
1244029299	105906237	78839895
1244029299	78839895	102695002
1244029319	103153740	78381144
1244029319	105906237	78839895
1244029339	78839895	105906237
1244029339	78839895	78970981
1244029359	103153740	78381144
1244029359	88604743	98304072
1244029359	105906237	78839895
1244029359	105906237	78970981
1244029359	78970981	100335705
1244029359	78970981	100991076
1244029379	88604743	98304072
1244029379	105906237	74776666
1244029399	88604743	98304072
1244029399	105906237	100991076
1244029399	78970981	100466748
1244029419	88604743	98304072
1244029419	78970981	100466748
1244029439	73597021	76283987
1244029439	100991076	105906237
1244029439	100991076	74776666
1244029439	88604743	98304072
1244029439	78839895	100466748
1244029459	73597021	105906237
1244029459	73597021	76283987
1244029459	100991076	74776666
1244029459	100991076	100466748
1244029459	88604743	98304072
1244029459	76283987	105906237
1244029459	78839895	78970981
1244029479	76283987	73597021
1244029479	78970981	105906237
1244029479	78970981	100466748
1244029499	76283987	73597021
1244029499	88604743	105906237
1244029499	88604743	98304072
1244029519	101843029	94699587
1244029519	78970981	105906237
1244029519	100335705	100466748
1244029539	83034219	100466748
1244029559	100991076	73597021
1244029559	78839895	100466748
1244029559	78970981	105906237
1244029579	88604743	98304072
1244029579	78839895	100466748
1244029599	73597021	100466748
1244029599	84475989	86966367
1244029619	76021833	94175316
1244029619	88604743	98304072
1244029639	76021833	94175316
1244029639	88604743	98304072
1244029659	76021833	94175316
1244029659	78839895	100466748
1244029679	76021833	94175316
1244029679	76283987	105906237
1244029679	78970981	105906237
1244029679	105906237	100466748
1244029679	73597021	100466748
1244029699	76021833	94175316
1244029699	88604743	98304072
1244029719	76021833	94175316
1244029719	73597021	100466748
1244029739	100991076	105906237
1244029739	100991076	74776666
1244029739	76021833	94175316
1244029739	76283987	78839895
1244029739	88604743	98304072
1244029739	78970981	100466748
1244029739	105906237	100466748
1244029739	73597021	100466748
1244029759	100991076	105906237
1244029759	100991076	100466748
1244029759	76021833	94175316
1244029759	78839895	105906237
1244029759	78839895	100466748
1244029759	105906237	100466748
1244029759	100335705	100466748
1244029779	100991076	105906237
1244029779	100991076	100466748
1244029779	76021833	94175316
1244029779	94699587	105906237
1244029779	105906237	100466748
1244029799	100991076	100466748
1244029799	76021833	94175316
1244029799	101253191	76283987
1244029799	86966367	84475989
1244029799	78839895	100466748
1244029819	76021833	94175316
1244029819	78839895	100466748
1244029819	88604743	98304072
1244029839	78839895	100466748
1244029839	78970981	101253191
1244029839	73597021	100466748
1244029859	76021833	94175316
1244029859	101253191	78839895
1244029859	101253191	76283987
1244029859	78839895	100466748
1244029859	73597021	100466748
1244029879	86966367	84475989
1244029879	88604743	98304072
1244029879	73597021	100466748
1244029899	76021833	94175316
1244029899	76283987	78839895
1244029899	78970981	100466748
1244029919	100991076	76283987
1244029919	76283987	73597021
1244029919	76283987	78839895
1244029919	94699587	73597021
1244029919	94699587	78839895
1244029919	78839895	73597021
1244029919	78839895	78970981
1244029939	76021833	94175316
1244029939	76283987	99352643
1244029939	76283987	94699587
1244029959	100991076	73597021
1244029959	100991076	74776666
1244029959	100991076	100466748
1244029959	76021833	94175316
1244029959	76283987	100335705
1244029959	94699587	100466748
1244029959	78970981	100466748
1244029959	88604743	98304072
1244029959	73597021	100466748
1244029979	76021833	94175316
1244029979	101253191	86966367
1244029999	76021833	94175316
1244029999	88604743	98304072
1244030019	100991076	100466748
1244030019	76021833	94175316
1244030019	88604743	98304072
1244030039	76021833	94175316
1244030039	78970981	105906237
1244030039	73597021	100466748
1244030059	76021833	94175316
1244030059	101253191	86966367
1244030079	84475989	86966367
1244030079	78839895	99352643
1244030079	88604743	98304072
1244030079	73597021	100466748
1244030099	76021833	94175316
1244030099	86966367	101253191
1244030099	78839895	105906237
1244030099	88604743	98304072
1244030099	105906237	74776666
1244030119	78839895	74776666
1244030119	78839895	78970981
1244030119	88604743	98304072
1244030139	76021833	94175316
1244030139	101253191	86966367
1244030139	94699587	78970981
1244030139	78839895	83034219
1244030139	78839895	99352643
1244030139	78839895	74776666
1244030159	100991076	73597021
1244030159	76021833	94175316
1244030159	94699587	78970981
1244030159	78839895	74776666
1244030159	78970981	99352643
1244030159	88604743	98304072
1244030159	99352643	100466748
1244030159	99352643	74776666
1244030179	100991076	73597021
1244030179	76021833	94175316
1244030179	78970981	99352643
1244030219	76021833	94175316
1244030219	94699587	78839895
1244030219	94699587	78970981
1244030219	78970981	99352643
1244030219	78970981	100466748
1244030239	76021833	94175316
1244030239	78970981	100466748
1244030259	76021833	94175316
1244030259	73597021	100466748
1244030279	76021833	94175316
1244030279	94699587	78839895
1244030279	78970981	100466748
1244030279	88604743	98304072
1244030279	73597021	100466748
1244030299	78970981	99352643
1244030299	78970981	100466748
1244030299	88604743	98304072
1244030319	76021833	94175316
1244030319	78839895	100466748
1244030339	76021833	94175316
1244030339	94699587	78839895
1244030339	78839895	100466748
1244030339	78970981	100466748
1244030339	88604743	98304072
1244030359	76283987	78970981
1244030359	78839895	78970981
1244030359	78839895	74776666
1244030379	88604743	98304072
1244030379	78839895	78970981
1244030399	76283987	78970981
1244030399	78839895	78970981
1244030419	86966367	84475989
1244030419	78839895	78970981
1244030419	88604743	98304072
1244030439	86966367	84475989
1244030459	88604743	98304072
1244030479	84475989	86966367
1244030479	78839895	78970981
1244030479	88604743	98304072
1244030499	86966367	84475989
1244030499	78839895	78970981
1244030499	88604743	98304072
1244030519	84475989	86966367
1244030539	76021833	94175316
1244030539	78839895	78970981
1244030559	76021833	94175316
1244030559	101253191	100466748
1244030579	76021833	94175316
1244030579	86966367	84475989
1244030579	101253191	105906237
1244030599	76021833	94175316
1244030599	94175316	78970981
1244030619	76021833	94175316
1244030619	76283987	78970981
1244030619	86966367	84475989
1244030619	78839895	78970981
1244030639	76021833	94175316
1244030639	94699587	78839895
1244030639	86966367	84475989
1244030639	78970981	100466748
1244030659	76021833	94175316
1244030659	78118981	97189968
1244030659	86966367	84475989
1244030659	78839895	78970981
1244030659	78970981	100466748
1244030679	76021833	94175316
1244030679	101253191	76283987
1244030679	102695002	78839895
1244030679	78118981	97189968
1244030679	86966367	84475989
1244030679	78970981	100466748
1244030679	105906237	100335705
1244030699	102695002	78839895
1244030699	105906237	100335705
1244030719	94699587	78839895
1244030719	86966367	84475989
1244030739	78839895	73597021
1244030759	78839895	73597021
1244030759	78970981	100466748
1244030779	76021833	94175316
1244030779	78839895	73597021
1244030799	76021833	94175316
1244030799	78839895	73597021
1244030819	76021833	94175316
1244030819	94699587	100466748
1244030819	78839895	73597021
1244030839	76021833	94175316
1244030839	78118981	97189968
1244030839	78839895	100466748
1244030859	86966367	84475989
1244030859	78839895	105906237
1244030859	78839895	100466748
1244030879	78839895	105906237
1244030899	76021833	94175316
1244030899	78118981	97189968
1244030899	78839895	105906237
1244030899	78839895	100466748
1244030899	97189968	98304073
1244030919	78118981	97189968
1244030919	78839895	73597021
1244030919	78839895	100466748
1244030939	78839895	105906237
1244030939	78839895	73597021
1244030939	78839895	100466748
1244030959	76021833	94175316
1244030959	76283987	78970981
1244030959	78118981	97189968
1244030959	78839895	105906237
1244030979	76021833	94175316
1244030979	78118981	97189968
1244030979	78839895	105906237
1244030999	76021833	94175316
1244030999	84475989	86966367
1244030999	78118981	97189968
1244030999	78839895	105906237
1244030999	78839895	73597021
1244030999	105906237	73597021
1244031019	76021833	94175316
1244031019	94699587	78839895
1244031019	94699587	100466748
1244031019	78118981	97189968
1244031019	78839895	100335705
1244031019	78839895	100466748
1244031019	78970981	99352643
1244031019	96141394	74514535
1244031019	96141394	80150625
1244031019	80150625	74514535
1244031039	76283987	78839895
1244031039	76283987	78970981
1244031039	94699587	78839895
1244031039	86966367	84475989
1244031039	96141394	80150625
1244031039	80150625	74514535
1244031059	102695002	105906237
1244031059	94699587	73597021
1244031059	78839895	78970981
1244031059	96141394	80150625
1244031059	80150625	74514535
1244031079	84475989	101253191
1244031079	84475989	78381145
1244031079	84475989	86966367
1244031079	78381145	86966367
1244031079	78381145	101253191
1244031079	86966367	101253191
1244031079	96141394	80150625
1244031079	80150625	74514535
1244031079	73597021	83034219
1244031099	84475989	101253191
1244031099	84475989	86966367
1244031099	78839895	78970981
1244031099	80150625	74514535
1244031119	100991076	73597021
1244031119	100991076	100466748
1244031119	78118981	97189968
1244031119	78839895	78970981
1244031119	96141394	80150625
1244031119	80150625	98304073
1244031119	73597021	100466748
1244031139	76283987	78839895
1244031139	76283987	78970981
1244031139	76283987	102695002
1244031139	78118981	97189968
1244031139	78839895	78970981
1244031139	96141394	74514535
1244031139	96141394	80150625
1244031139	74776666	100466748
1244031159	100991076	100335705
1244031159	100991076	100466748
1244031159	76283987	78839895
1244031159	76283987	78970981
1244031159	76283987	102695002
1244031159	78118981	97189968
1244031159	78839895	78970981
1244031159	96141394	74514535
1244031159	96141394	80150625
1244031159	74776666	100466748
1244031179	76283987	78839895
1244031179	77922376	88604744
1244031179	78118981	97189968
1244031179	96141394	80150625
1244031199	100991076	100466748
1244031199	76283987	105906237
1244031199	76283987	78839895
1244031199	76283987	78970981
1244031199	77922376	88604744
1244031199	78118981	97189968
1244031199	78839895	78970981
1244031199	78970981	105906237
1244031199	96141394	74514535
1244031199	96141394	80150625
1244031199	80150625	74514535
1244031199	98304073	74514535
1244031199	74776666	100466748
1244031219	76283987	105906237
1244031219	77922376	88604744
1244031219	78118981	97189968
1244031219	96141394	74514535
1244031219	96141394	80150625
1244031219	80150625	74514535
1244031219	105906237	94699587
1244031219	73597021	100466748
1244031239	76283987	105906237
1244031239	77922376	88604744
1244031239	96141394	80150625
1244031239	80150625	74514535
1244031259	100991076	73597021
1244031259	77922376	88604744
1244031259	78118981	97189968
1244031259	96141394	74514535
1244031259	80150625	74514535
1244031279	76021833	94175316
1244031279	77922376	78839895
1244031279	78118981	97189968
1244031279	96141394	74514535
1244031279	80150625	74514535
1244031279	73597021	100466748
1244031299	100991076	73597021
1244031299	100991076	100466748
1244031299	76021833	94175316
1244031299	77922376	88604744
1244031299	77922376	74514535
1244031299	78118981	97189968
1244031299	96141394	80150625
1244031299	80150625	74514535
1244031299	73597021	100466748
1244031319	100991076	88604744
1244031319	100991076	73597021
1244031319	100991076	100335705
1244031319	76021833	94175316
1244031319	77922376	88604744
1244031319	78118981	97189968
1244031319	96141394	74514535
1244031319	96141394	80150625
1244031319	80150625	74514535
1244031319	80150625	73597021
1244031319	73597021	74514535
1244031319	73597021	100466748
1244031339	100991076	73597021
1244031339	100991076	100335705
1244031339	78118981	97189968
1244031339	96141394	80150625
1244031339	80150625	74514535
1244031339	73597021	100466748
1244031359	100991076	73597021
1244031359	100991076	100335705
1244031359	76021833	94175316
1244031359	77922376	88604744
1244031359	96141394	80150625
1244031359	80150625	74514535
1244031359	73597021	100466748
1244031359	100335705	100466748
1244031379	76021833	94175316
1244031379	77922376	88604744
1244031379	96141394	74514535
1244031379	80150625	74514535
1244031399	76087381	78970981
1244031399	76087381	102695002
1244031399	101843029	78839895
1244031399	101843029	99352643
1244031399	101843029	83034219
1244031399	102695002	78970981
1244031399	77922376	88604744
1244031399	78839895	83034219
1244031399	78839895	99352643
1244031399	80150625	74514535
1244031399	99352643	83034219
1244031419	96141394	100991076
1244031419	96141394	77922376
1244031419	73597021	77922376
1244031419	76021833	94175316
1244031419	77922376	88604744
1244031419	88604744	74514535
1244031419	88604744	80150625
1244031419	80150625	74514535
1244031419	80150625	100991076
1244031419	99352643	101843029
1244031439	77922376	88604744
1244031439	80150625	74514535
1244031439	76021833	94175316
1244031459	76021833	76283987
1244031459	76021833	94175316
1244031459	77922376	88604744
1244031479	80150625	96141394
1244031479	78118981	100335705
1244031479	74514535	96141394
1244031499	77922376	88604744
1244031499	80150625	74514535
1244031499	94175316	76021833
1244031499	96141394	74514535
1244031519	77922376	88604744
1244031519	80150625	74514535
1244031519	76283987	100335705
1244031519	76021833	94175316
1244031519	96141394	74514535
1244031539	77922376	88604744
1244031539	76283987	100335705
1244031559	77922376	88604744
1244031559	76283987	100335705
1244031559	74514535	96141394
1244031559	74514535	80150625
1244031579	80150625	74514535
1244031579	80150625	96141394
1244031579	76283987	100335705
1244031579	76283987	100466748
1244031579	74514535	96141394
1244031599	73597021	100991076
1244031599	80150625	96141394
1244031599	80150625	77922376
1244031599	78118981	97189968
1244031619	77922376	96141394
1244031619	77922376	80150625
1244031619	103153741	98304073
1244031619	80150625	96141394
1244031639	77922376	80150625
1244031639	103153741	98304073
1244031639	80150625	74514535
1244031639	80150625	96141394
1244031639	74514535	96141394
1244031659	80150625	96141394
1244031679	80150625	96141394
1244031699	80150625	96141394
1244031699	97189968	78118981
1244031699	74514535	96141394
1244031719	80150625	74514535
1244031719	78118981	97189968
1244031739	77922376	88604744
1244031759	88604744	77922376
1244031759	74514535	80150625
1244031779	74514535	80150625
1244031779	96141394	80150625
1244031799	74514535	96141394
1244031819	73597021	100991076
1244031819	80150625	74514535
1244031819	80150625	96141394
1244031819	74514535	96141394
1244031839	77922376	88604744
1244031839	80150625	74514535
1244031859	73597021	100991076
1244031859	80150625	74514535
1244031859	88604744	77922376
1244031859	74514535	96141394
1244031879	73597021	100991076
1244031879	77922376	88604744
1244031879	74514535	96141394
1244031899	73597021	100991076
1244031899	80150625	74514535
1244031899	74514535	96141394
1244031919	73597021	100991076
1244031939	73597021	100991076
1244031939	88604744	77922376
1244031959	73597021	100991076
1244031959	77922376	88604744
1244031979	73597021	100991076
1244031979	88604744	77922376
1244031999	73597021	100991076
1244031999	80150625	74514535
1244032019	73597021	100991076
1244032039	73597021	100991076
1244032039	74514535	96141394
1244032059	74514535	96141394
1244032059	96141394	80150625
1244032079	73597021	100991076
1244032079	88604744	77922376
1244032079	74514535	96141394
1244032099	73597021	100991076
1244032099	88604744	77922376
1244032099	74514535	77922376
1244032119	74514535	96141394
1244032119	74514535	80150625
1244032119	96141394	80150625
1244032139	73597021	100991076
1244032139	74514535	80150625
1244032139	96141394	80150625
1244032159	80150625	74514535
1244032159	80150625	96141394
1244032159	73597021	100991076
1244032179	73597021	100991076
1244032179	80150625	96141394
1244032199	73597021	100991076
1244032199	97189968	78118981
1244032199	74514535	96141394
1244032199	74514535	80150625
1244032199	96141394	80150625
1244032219	100991076	73597021
1244032219	80150625	74514535
1244032219	80150625	96141394
1244032219	74514535	96141394
1244032239	73597021	100991076
1244032259	73597021	100991076
1244032259	88604744	77922376
1244032319	88604744	77922376
1244032359	73597021	100991076
1244032379	88604744	77922376
1244032419	73597021	100991076
1244032419	88604744	77922376
1244032439	73597021	100991076
1244032459	73597021	100991076
1244032479	73597021	100991076
1244032499	73597021	100991076
1244032519	73597021	100991076
1244032519	77922376	88604744
1244032539	73597021	100991076
1244032559	73597021	100991076
1244032579	73597021	100991076
1244032579	77922376	88604744
1244032599	73597021	100991076
1244032599	77922376	88604744
1244032619	73597021	100991076
1244032619	77922376	88604744
1244032639	73597021	100991076
1244032659	73597021	100991076
1244032679	73597021	100991076
1244032699	73597021	100991076
1244032919	78118981	97189968
1244032939	78118981	97189968
1244032979	73597021	100991076
1244032979	78118981	97189968
1244032999	73597021	100991076
1244032999	78118981	97189968
1244033059	78118981	97189968
1244033119	78118981	97189968
1244033139	78118981	97189968
1244033159	78118981	97189968
1244033179	78118981	97189968
1244033199	78118981	97189968
1244033259	77922377	88604745
1244033279	77922377	88604745
1244033299	77922377	88604745
1244033319	77922377	88604745
1244033359	73597022	100991077
1244033359	73597022	80150626
1244033359	100991077	80150626
1244033379	73597022	100991077
1244033379	73597022	80150626
1244033379	80150626	100991077
1244033399	73597022	100991077
1244033399	73597022	80150626
1244033399	80150626	100991077
1244033419	73597022	100991077
1244033419	73597022	80150626
1244033439	73597022	80150626
1244033439	101253192	82444383
1244033459	73597022	80150626
1244033459	101253192	82444383
1244033459	80150626	100991077
1244033479	73597022	100991077
1244033479	73597022	80150626
1244033499	73597022	100991077
1244033499	73597022	80150626
1244033499	100991077	101253192
1244033499	100991077	80150626
1244033519	100991077	80150626
1244033539	80150626	101253192
1244033539	80150626	100991077
1244033579	77922377	88604745
1244033599	77922377	88604745
1244033599	80150626	100991077
1244033619	80150626	100991077
1244033679	73597022	80150626
1244033699	73597022	80150626
1244033739	88604745	77922377
1244033759	77922377	88604745
1244033779	77922377	88604745
1244033799	73597022	80150626
1244033819	100991077	88604745
1244033819	88604745	77922377
1244033839	73597022	80150626
1244033839	100991077	88604745
1244033839	100991077	80150626
1244033839	88604745	77922377
1244033859	73597022	80150626
1244033879	100991077	80150626
1244033899	73597022	101843030
1244033899	88604745	77922377
1244033919	73597022	100991077
1244033919	73597022	80150626
1244033919	100991077	80150626
1244033919	88604745	77922377
1244033939	73597022	100991077
1244033939	73597022	80150626
1244033939	77922377	88604745
1244033939	80150626	100991077
1244033959	73597022	100991077
1244033959	73597022	80150626
1244033959	100991077	80150626
1244033959	88604745	77922377
1244033979	100991077	80150626
1244034019	73597022	100991077
1244034019	73597022	80150626
1244034019	100991077	80150626
1244034039	80150626	100991077
1244034059	88604745	77922377
1244034079	73597022	100991077
1244034079	101253192	98304073
1244034099	88604745	77922377
1244034119	77922377	88604745
1244034139	73597022	80150626
1244034139	88604745	101253192
1244034139	101253192	74514536
1244034159	80150626	100991077
1244034179	88604745	77922377
1244034199	88604745	77922377
1244034219	77922377	88604745
1244034239	88604745	77922377
1244034259	77922377	88604745
1244034279	80150626	100991077
1244034299	88604745	77922377
1244034299	101253192	74514536
1244034319	73597022	100991077
1244034319	101253192	74514536
1244034319	80150626	100991077
1244034339	73597022	100991077
1244034379	80150626	98304073
1244034399	73597022	100991077
1244034399	73597022	80150626
1244034399	80150626	98304073
1244034399	101253192	82444383
1244034419	73597022	100991077
1244034419	80150626	100991077
1244034439	73597022	100991077
1244034439	80150626	100991077
1244034459	73597022	100991077
1244034459	73597022	80150626
1244034459	100991077	80150626
1244034479	73597022	80150626
1244034479	80150626	100991077
1244034499	73597022	80150626
1244034499	80150626	100991077
1244034519	80150626	100991077
1244034539	80150626	100991077
1244034619	100991077	80150626
1244034639	73597022	100991077
1244034639	101253193	82444384
1244034659	73597022	100991077
1244034659	101253193	82444384
1244034659	101253193	74776667
1244034679	73597022	100991077
1244034679	101253193	82444384
1244034679	101253193	74776667
1244034699	73597022	100991077
1244034699	101253193	74776667
1244034719	101253193	74776667
1244034759	73597022	80150626
1244034759	78118982	101253193
1244034779	73597022	100991077
1244034779	100991077	80150626
1244034799	73597022	80150626
1244034799	100991077	80150626
1244034799	78118982	101253193
1244034799	101253193	74776667
1244034799	82444384	74776667
1244034819	73597022	80150626
1244034819	100991077	80150626
1244034819	101253193	74776667
1244034859	101253193	74776667
1244034879	80150626	100991077
1244034879	78118982	101253193
1244034879	78118982	74776667
1244034879	101253193	74776667
1244034899	73597022	80150626
1244034899	78118982	101253193
1244034899	101253193	74776667
1244034899	80150626	100991077
1244034919	80150626	100991077
1244034939	78118982	101253193
1244034979	78118982	101253193
1244034979	88604745	77922377
1244034999	77922377	88604745
1244035019	88604745	77922377
1244035039	88604745	77922377
1244035039	101253193	74776667
1244035059	101253193	74776667
1244035079	88604745	77922377
1244035099	101253193	74776667
1244035119	101253193	74776667
1244035139	100991077	80150626
1244035159	73597022	100991077
1244035159	101253193	74776667
1244035179	101253193	74776667
1244035199	88604745	77922377
1244035219	73597022	100991077
1244035219	73597022	80150626
1244035219	88604745	77922377
1244035239	73597022	100991077
1244035239	73597022	80150626
1244035239	88604745	77922377
1244035259	77922377	88604745
1244035279	73597022	100991077
1244035279	73597022	80150626
1244035279	88604745	77922377
1244035299	77922377	88604745
1244035299	80150626	100991077
1244035319	100991077	80150626
1244035319	101253193	74776667
1244035339	101253193	74776667
1244035359	101253193	74776667
1244035379	101253193	74776667
1244035399	101253193	74776667
1244035419	77922377	88604745
1244035419	101253193	74776667
1244035439	77922377	88604745
1244035439	101253193	74776667
1244035459	77922377	88604745
1244035479	77922377	88604745
1244035479	101253193	74776667
1244035499	101253193	74776667
1244035599	77922377	88604745
1244035619	77922377	88604745
1244035639	101253193	74776667
1244035659	77922377	88604745
1244035699	77922377	88604745
1244035759	77922377	88604745
1244035759	101253193	74776667
1244035779	88604745	77922377
1244035839	88604745	77922377
1244035859	101253193	74776667
1244035879	88604745	74776667
1244035899	77922377	88604745
1244035899	88604745	74776667
1244035919	88604745	101253193
1244035919	88604745	74776667
1244035919	88604745	77922377
1244035919	101253193	77922377
1244035919	74776667	77922377
1244035939	88604745	101253193
1244035939	88604745	74776667
1244035939	101253193	77922377
1244035979	77922377	88604745
1244035979	77922377	101253193
1244035979	88604745	101253193
1244035979	101253193	74776667
1244035999	77922377	88604745
1244035999	101253193	74776667
1244036019	77922377	88604745
1244036059	101253193	74776667
1244036079	77922377	78118982
1244036079	101253193	74776667
1244036099	77922377	88604745
1244036179	77922377	88604745
1244036179	101253193	74776667
1244036199	77922377	88604745
1244036199	101253193	74776667
1244036219	77922377	88604745
1244036239	73597023	80150627
1244036239	77922377	88604745
1244036259	77922377	88604745
1244036279	73597023	80150627
1244036319	73597023	80150627
1244036319	101253193	74776667
1244036339	73597023	80150627
1244036339	101253193	74776667
1244036359	73597023	80150627
1244036359	101253193	74776667
1244036359	98304074	100991078
1244036379	73597023	80150627
1244036379	100991078	98304074
1244036399	101253193	74776667
1244036419	98304074	100991078
1244036439	73597023	80150627
1244036439	77922377	88604745
1244036439	101253193	74776667
1244036459	73597023	80150627
1244036459	100991078	98304074
1244036459	101253193	74776667
1244036479	73597023	80150627
1244036479	100991078	98304074
1244036479	101253193	74776667
1244036499	100991078	98304074
1244036499	88604745	77922377
1244036499	101253193	74776667
1244036519	73597023	80150627
1244036519	100991078	98304074
1244036519	88604745	77922377
1244036519	101253193	74776667
1244036539	101253193	74776667
1244036559	101253193	74776667
1244036579	101253193	74776667
1244036599	101253193	74776667
1244036619	101253193	74776667
1244036639	100991078	98304074
1244036639	88604745	77922377
1244036639	101253193	74776667
1244036659	77922377	88604745
1244036659	98304074	100991078
1244036679	73597023	80150627
1244036679	88604745	80150627
1244036679	101253193	74776667
1244036699	101253193	74776667
1244036719	77922377	88604745
1244036719	101253193	74776667
1244036739	73597023	80150627
1244036739	101253193	74776667
1244036759	73597023	80150627
1244036759	77922377	88604745
1244036759	101253193	74776667
1244036779	73597023	80150627
1244036779	88604745	77922377
1244036799	73597023	80150627
1244036799	100991078	98304074
1244036799	88604745	77922377
1244036819	73597023	80150627
1244036819	101253193	74776667
1244036839	88604745	77922377
1244036839	101253193	74776667
1244036859	77922377	88604745
1244036879	101253193	74776667
1244036899	77922377	88604745
1244036899	101253193	74776667
1244036919	101253193	74776667
1244036939	101253193	74776667
1244036959	73597023	80150627
1244036959	101253193	74776667
1244036979	101253193	74776667
1244036999	73597023	80150627
1244036999	101253193	74776667
1244037019	101253193	74776667
1244037039	101253193	74776667
1244037059	101253193	74776667
1244037079	101253193	74776667
1244037099	73597023	80150627
1244037099	101253193	74776667
1244037119	73597023	80150627
1244037119	101253193	74776667
1244037139	101253193	74776667
1244037159	101253193	74776667
1244037179	101253193	74776667
1244037219	100991078	98304074
1244037259	98304074	100991078
1244037319	101253193	74776667
1244037339	77922377	88604745
1244037339	101253193	74776667
1244037339	98304074	100991078
1244037359	100991078	98304074
1244037379	77922377	88604745
1244037419	100991078	98304074
1244037439	73597023	80150627
1244037439	101253193	74776667
1244037459	101253193	74776667
1244037479	101253193	74776667
1244037499	101253193	74776667
1244037519	101253193	74776667
1244037539	73597023	80150627
1244037539	101253193	74776667
1244037559	101253193	74776667
1244037579	73597023	101253193
1244037579	73597023	74776667
1244037599	101253193	74776667
1244037619	101253193	74776667
1244037639	101253193	74776667
1244037699	101253193	74776667
1244037719	101253193	74776667
1244037759	101253193	74776667
1244037779	101253193	74776667
1244037799	101253193	74776667
1244037819	101253193	74776667
1244037879	101253193	74776667
1244037899	101253193	74776667
1244037919	101253193	74776667
1244037939	101253193	74776667
1244037959	77922378	88604746
1244037979	77922378	88604746
1244037979	101253193	74776667
1244037999	77922378	88604746
1244038019	77922378	88604746
1244038019	101253193	74776667
1244038059	73597023	80150627
1244038079	101253193	74776667
1244038119	73597023	80150627
1244038139	73597023	80150627
1244038139	101253193	74776667
1244038159	101253193	74776667
1244038199	101253193	74776667
1244038219	101253193	74776667
1244038239	73597023	80150627
1244038239	101253193	74776667
1244038259	77922378	88604746
1244038259	101253193	74776667
1244038279	73597023	80150627
1244038279	77922378	88604746
1244038279	101253193	74776667
1244038299	73597023	80150627
1244038319	73597023	80150627
1244038319	101253193	74776667
1244038339	77922378	88604746
1244038339	101253193	74776667
1244038359	73597023	77922378
1244038359	101253193	74776667
1244038379	77922378	88604746
1244038399	73597023	80150627
1244038399	77922378	88604746
1244038399	101253193	74776667
1244038419	73597023	80150627
1244038419	77922378	88604746
1244038419	101253193	74776667
1244038459	101253193	74776667
1244038479	101253193	74776667
1244038499	101253193	74776667
1244038519	101253193	74776667
1244038539	101253193	74776667
1244038559	101253193	74776667
1244038599	101253193	74776667
1244038619	101253193	74776667
1244038639	88604746	77922378
1244038639	101253193	74776667
1244038659	101253193	74776667
1244038719	101253193	74776667
1244038739	101253193	74776667
1244038759	101253193	74776667
1244038779	101253193	74776667
1244038799	101253193	74776667
1244038819	101253193	74776667
1244038839	88604746	77922378
1244038859	88604746	77922378
1244038859	101253193	74776667
1244038879	73597024	100991079
1244038899	73597024	100991079
1244038919	77922378	88604746
1244038919	101253193	74776667
1244038939	73597024	100991079
1244038939	77922378	88604746
1244038939	101253193	74776667
1244038959	73597024	100991079
1244038959	101253193	74776667
1244038979	73597024	100991079
1244038999	73597024	100991079
1244039019	73597024	100991079
1244039019	101253193	74776667
1244039039	73597024	100991079
1244039039	101253193	74776667
1244039059	73597024	100991079
1244039079	73597024	100991079
1244039079	101253193	74776667
1244039099	101253193	74776667
1244039119	73597024	100991079
1244039119	88604746	77922378
1244039139	88604746	77922378
1244039139	101253193	74776667
1244039159	101253193	74776667
1244039179	73597024	100991079
1244039179	101253193	74776667
1244039199	73597024	100991079
1244039199	77922378	88604746
1244039199	101253193	74776667
1244039219	73597024	100991079
1244039239	73597024	100991079
1244039239	101253193	74776667
1244039259	73597024	100991079
1244039259	101253193	74776667
1244039279	73597024	100991079
1244039279	101253193	74776667
1244039299	73597024	100991079
1244039299	101253193	74776667
1244039319	73597024	100991079
1244039319	101253193	74776667
1244039339	73597024	100991079
1244039359	73597024	100991079
1244039379	73597024	100991079
1244039399	73597024	100991079
1244039399	101253193	74776667
1244039419	73597024	100991079
1244039439	101253193	74776667
1244039459	101253193	74776667
1244039479	101253193	74776667
1244039499	101253193	74776667
1244039519	73597024	100991079
1244039539	73597024	100991079
1244039559	73597024	100991079
1244039559	101253193	82444384
1244039559	101253193	74776667
1244039559	82444384	74776667
1244039579	73597024	100991079
1244039599	73597024	100991079
1244039619	73597024	100991079
1244039639	73597024	100991079
1244039659	73597024	98304075
1244039659	73597024	100991079
1244039659	77922378	88604746
1244039659	98304075	100991079
1244039779	88604746	77922378
1244039819	88604746	77922378
1244039839	88604746	77922378
1244039859	88604746	77922378
1244039879	88604746	77922378
1244039939	88604746	77922378
1244039959	88604746	77922378
1244039979	88604746	77922378
1244039999	88604746	77922378
1244040019	88604746	77922378
1244040039	73597024	100991080
1244040159	88604746	77922378
1244040159	80150628	100991080
1244040179	88604746	77922378
1244040239	74514537	98304076
1244040239	74514537	74776668
1244040239	74776668	98304076
1244040259	74514537	98304076
1244040259	74776668	98304076
1244040279	74514537	98304076
1244040279	74776668	98304076
1244040339	74514537	98304076
1244040339	74776668	98304076
1244040359	101253194	82444385
1244040359	74514537	74776668
1244040379	77922378	88604746
1244040379	101253194	82444385
1244040379	101253194	97189969
1244040379	82444385	97189969
1244040379	74514537	74776668
1244040399	100991080	101253194
1244040399	100991080	97189969
1244040399	88604746	77922378
1244040399	101253194	82444385
1244040399	101253194	97189969
1244040399	82444385	97189969
1244040419	100991080	101253194
1244040419	88604746	77922378
1244040419	101253194	82444385
1244040419	101253194	97189969
1244040419	82444385	97189969
1244040419	74514537	98304076
1244040419	74514537	74776668
1244040419	74776668	98304076
1244040439	101253194	82444385
1244040439	101253194	97189969
1244040439	82444385	97189969
1244040439	74776668	98304076
1244040459	101253194	82444385
1244040459	101253194	97189969
1244040459	82444385	97189969
1244040459	74776668	98304076
1244040479	101253194	82444385
1244040479	101253194	97189969
1244040479	82444385	97189969
1244040479	74776668	98304076
1244040499	101253194	82444385
1244040499	101253194	97189969
1244040499	82444385	97189969
1244040519	74776668	98304076
1244040539	101253194	82444385
1244040539	101253194	97189969
1244040539	82444385	97189969
1244040559	101253194	82444385
1244040559	101253194	97189969
1244040559	82444385	97189969
1244040579	101253194	82444385
1244040579	101253194	97189969
1244040579	82444385	97189969
1244040599	101253194	82444385
1244040599	101253194	97189969
1244040599	82444385	97189969
1244040619	101253194	82444385
1244040619	101253194	97189969
1244040619	82444385	97189969
1244040639	101253194	82444385
1244040639	101253194	97189969
1244040659	101253194	82444385
1244040659	101253194	97189969
1244040659	82444385	97189969
1244040679	101253194	82444385
1244040679	101253194	97189969
1244040679	82444385	97189969
1244040679	74514537	98304076
1244040679	74514537	74776668
1244040699	101253194	82444385
1244040699	101253194	97189969
1244040699	82444385	97189969
1244040719	101253194	82444385
1244040719	101253194	97189969
1244040719	82444385	97189969
1244040739	101253194	82444385
1244040739	101253194	97189969
1244040739	82444385	97189969
1244040739	74514537	98304076
1244040759	101253194	82444385
1244040759	101253194	97189969
1244040759	82444385	97189969
1244040759	74514537	98304076
1244040779	101253194	82444385
1244040779	101253194	97189969
1244040779	82444385	97189969
1244040779	74514537	98304076
1244040799	101253194	97189969
1244040799	82444385	97189969
1244040819	101253194	97189969
1244040839	101253194	97189969
1244040859	101253194	97189969
1244040879	74514537	98304076
1244040899	101253194	97189969
1244040899	74514537	98304076
1244040919	101253194	82444385
1244040919	74514537	98304076
1244040939	74514537	98304076
1244040959	101253194	97189969
1244040959	74514537	98304076
1244040979	101253194	97189969
1244040979	74514537	98304076
1244040999	80150628	74514537
1244040999	101253194	97189969
1244040999	74514537	98304076
1244041019	101253194	97189969
1244041019	74514537	98304076
1244041039	74514537	98304076
1244041059	101253194	97189969
1244041059	74514537	98304076
1244041059	74514537	74776668
1244041059	74776668	98304076
1244041079	101253194	97189969
1244041079	74514537	98304076
1244041099	101253194	97189969
1244041099	74514537	98304076
1244041099	74776668	98304076
1244041119	101253194	97189969
1244041119	74514537	98304076
1244041119	74514537	74776668
1244041119	74776668	98304076
1244041159	101253194	97189969
1244041179	101253194	97189969
1244041199	101253194	97189969
1244041199	74514537	74776668
1244041199	74776668	98304076
1244041219	74514537	98304076
1244041239	74514537	98304076
1244041239	74776668	98304076
1244041259	74514537	98304076
1244041279	74514537	98304076
1244041279	74776668	98304076
1244041299	74776668	98304076
1244041319	101253194	97189969
1244041319	74776668	98304076
1244041339	101253194	97189969
1244041339	74776668	98304076
1244041399	74776668	98304076
1244041419	74776668	98304076
1244041439	74514537	98304076
1244041439	74776668	98304076
1244041459	74514537	98304076
1244041459	74776668	98304076
1244041479	101253194	97189969
1244041479	74514537	74776668
1244041479	74776668	98304076
1244041499	101253194	97189969
1244041499	74776668	98304076
1244041519	101253194	97189969
1244041519	74776668	98304076
1244041539	101253194	97189969
1244041539	74514537	98304076
1244041539	74776668	98304076
1244041559	74514537	98304076
1244041559	74776668	98304076
1244041579	101253194	82444385
1244041579	101253194	97189969
1244041599	74514537	98304076
1244041599	74776668	98304076
1244041619	101253194	97189969
1244041619	74776668	98304076
1244041639	101253194	97189969
1244041659	101253194	97189969
1244041659	74514537	98304076
1244041659	74776668	98304076
1244041719	97189969	74514537
1244041719	74514537	98304076
1244041719	74514537	74776668
1244041719	74776668	98304076
1244041739	97189969	74514537
1244041739	74776668	98304076
1244041759	74514537	98304076
1244041759	74514537	74776668
1244041779	74776668	98304076
1244041919	101253194	97189969
1244041939	101253194	97189969
1244041959	101253194	97189969
1244041959	74514537	74776668
1244041979	101253194	97189969
1244041999	101253194	97189969
1244041999	74514537	98304076
1244041999	74776668	98304076
1244042019	74514537	98304076
1244042019	74776668	98304076
1244042039	74514537	98304076
1244042059	101253194	97189969
1244042059	74776668	98304076
1244042079	101253194	97189969
1244042099	101253194	97189969
1244042119	101253194	97189969
1244042139	74776668	98304076
1244042159	74514537	98304076
1244042159	74514537	74776668
1244042159	74776668	98304076
1244042179	74776668	98304076
1244042199	101253194	98304076
1244042199	101253194	74776668
1244042199	74514537	98304076
1244042199	74514537	74776668
1244042199	74776668	98304076
1244042219	74514537	74776668
1244042239	73597025	77922379
1244042239	74776668	98304076
1244042259	73597025	88604747
1244042259	73597025	77922379
1244042259	74514537	98304076
1244042259	74776668	98304076
1244042279	73597025	88604747
1244042279	74776668	98304076
1244042299	73597025	77922379
1244042299	103153742	97189969
1244042299	74776668	98304076
1244042319	73597025	77922379
1244042319	103153742	97189969
1244042319	74514537	98304076
1244042319	74776668	98304076
1244042339	103153742	97189969
1244042339	74514537	98304076
1244042359	73597025	77922379
1244042359	103153742	97189969
1244042359	74514537	98304076
1244042359	74776668	98304076
1244042379	103153742	97189969
1244042379	74514537	98304076
1244042379	74514537	74776668
1244042379	74776668	98304076
1244042399	103153742	97189969
1244042399	74776668	98304076
1244042419	103153742	101253194
1244042419	101253194	82444385
1244042419	74514537	98304076
1244042419	74514537	74776668
1244042419	74776668	98304076
1244042439	103153742	97189969
1244042439	74514537	98304076
1244042459	74514537	98304076
1244042479	74514537	98304076
1244042519	78118983	96141395
1244042519	74776668	98304076
1244042539	103153742	97189969
1244042539	78118983	96141395
1244042559	103153742	97189969
1244042559	78118983	98304076
1244042559	74776668	74514537
1244042579	78118983	96141395
1244042579	74776668	98304076
1244042599	73597025	77922379
1244042599	78118983	96141395
1244042599	74514537	98304076
1244042619	73597025	77922379
1244042639	73597025	77922379
1244042639	78118983	96141395
1244042659	78118983	96141395
1244042679	73597025	77922379
1244042679	80150628	98304076
1244042679	78118983	96141395
1244042699	73597025	77922379
1244042699	77922379	88604747
1244042699	103153742	97189969
1244042699	78118983	96141395
1244042699	74776668	98304076
1244042699	74514537	98304076
1244042699	98304076	80150628
1244042719	80150628	78118983
1244042719	78118983	96141395
1244042719	74514537	98304076
1244042739	78118983	96141395
1244042759	103153742	97189969
1244042779	78118983	96141395
1244042799	101253194	97189969
1244042819	73597025	77922379
1244042819	101253194	97189969
1244042839	73597025	77922379
1244042859	78118983	96141395
1244042879	78118983	96141395
1244042879	97189969	98304076
1244042879	74514537	98304076
1244042899	103153742	97189969
1244042899	101253194	98304076
1244042899	97189969	98304076
1244042919	103153742	101253194
1244042919	103153742	97189969
1244042919	101253194	97189969
1244042919	97189969	98304076
1244042919	78118983	96141395
1244042919	74514537	98304076
1244042939	103153742	101253194
1244042939	103153742	97189969
1244042939	101253194	97189969
1244042939	78118983	96141395
1244042959	73597025	77922379
1244042959	78118983	96141395
1244042959	74776668	74514537
1244042959	74776668	98304076
1244042979	77922379	88604747
1244042979	78118983	96141395
1244042999	73597025	96141395
1244042999	103153742	101253194
1244042999	103153742	97189969
1244042999	101253194	97189969
1244043019	73597025	88604747
1244043019	73597025	77922379
1244043019	103153742	97189969
1244043039	73597025	88604747
1244043039	73597025	77922379
1244043039	77922379	88604747
1244043039	103153742	97189969
1244043039	101253194	97189969
1244043039	74776668	98304076
1244043039	78118983	96141395
1244043059	101253194	97189969
1244043059	78118983	96141395
1244043059	74776668	74514537
1244043059	74514537	98304076
1244043079	101253194	82444385
1244043079	101253194	97189969
1244043079	78118983	96141395
1244043099	103153742	101253194
1244043099	101253194	97189969
1244043099	78118983	96141395
1244043119	103153742	97189969
1244043119	101253194	97189969
1244043119	78118983	96141395
1244043139	103153742	101253194
1244043139	103153742	97189969
1244043139	101253194	97189969
1244043139	78118983	96141395
1244043159	78118983	96141395
1244043159	74776668	98304076
1244043179	103153742	101253194
1244043179	103153742	97189969
1244043179	101253194	82444385
1244043179	78118983	96141395
1244043179	74776668	98304076
1244043199	103153742	101253194
1244043199	101253194	97189969
1244043199	74776668	98304076
1244043219	103153742	101253194
1244043219	74776668	98304076
1244043239	103153742	101253194
1244043259	77922379	88604747
1244043259	103153742	101253194
1244043259	74776668	98304076
1244043279	73597025	88604747
1244043279	103153742	101253194
1244043299	103153742	101253194
1244043299	103153742	97189969
1244043299	101253194	97189969
1244043299	78118983	96141395
1244043319	103153742	101253194
1244043319	103153742	97189969
1244043319	101253194	97189969
1244043319	78118983	96141395
1244043339	103153742	97189969
1244043339	101253194	97189969
1244043339	78118983	96141395
1244043339	74514537	98304076
1244043359	103153742	97189969
1244043359	97189969	74514537
1244043359	74776668	98304076
1244043379	103153742	101253194
1244043379	103153742	97189969
1244043379	103153742	98304076
1244043379	103153742	74776668
1244043379	101253194	74514537
1244043379	101253194	98304076
1244043379	74514537	74776668
1244043379	74776668	98304076
1244043399	103153742	97189969
1244043399	78118983	96141395
1244043399	74776668	74514537
1244043399	74514537	98304076
1244043419	73597025	88604747
1244043419	73597025	77922379
1244043419	77922379	88604747
1244043419	78118983	96141395
1244043439	73597025	88604747
1244043439	73597025	77922379
1244043439	77922379	88604747
1244043439	103153742	101253194
1244043439	103153742	97189969
1244043459	103153742	97189969
1244043479	73597025	77922379
1244043479	77922379	88604747
1244043479	103153742	97189969
1244043479	78118983	96141395
1244043499	103153742	97189969
1244043499	78118983	96141395
1244043519	103153742	97189969
1244043519	78118983	96141395
1244043519	74514537	74776668
1244043539	103153742	97189969
1244043539	78118983	96141395
1244043559	73597025	88604747
1244043559	77922379	88604747
1244043559	103153742	97189969
1244043559	74514537	74776668
1244043579	73597025	88604747
1244043579	77922379	88604747
1244043579	74514537	74776668
1244043599	73597025	88604747
1244043599	73597025	77922379
1244043599	77922379	88604747
1244043599	103153742	97189969
1244043599	74514537	74776668
1244043619	73597025	77922379
1244043619	103153742	97189969
1244043619	74514537	74776668
1244043639	103153742	97189969
1244043639	74514537	74776668
1244043659	103153742	97189969
1244043659	74514537	74776668
1244043659	74776668	98304076
1244043679	74514537	98304076
1244043699	103153742	97189969
1244043719	103153742	97189969
1244043719	78118983	96141395
1244043739	103153742	97189969
1244043739	78118983	96141395
1244043759	74776668	98304076
1244043799	73597025	77922379
1244043799	74776668	98304076
1244043819	73597025	77922379
1244043819	78118983	96141395
1244043819	74776668	98304076
1244043839	73597025	77922379
1244043839	74776668	98304076
1244043859	74776668	98304076
1244043879	88604747	73597025
1244043879	73597025	77922379
1244043879	74776668	98304076
1244043919	78118983	96141395
1244043939	73597025	77922379
1244043959	73597025	77922379
1244043979	73597025	77922379
1244043979	77922379	88604747
1244043979	74514537	74776668
1244043979	74776668	98304076
1244043999	74514537	98304076
1244043999	74776668	98304076
1244044039	73597025	77922379
1244044039	103153742	97189969
1244044059	73597025	88604747
1244044059	73597025	74776668
1244044059	103153742	97189969
1244044059	88604747	74776668
1244044059	101253194	97189969
1244044059	74776668	98304076
1244044079	73597025	88604747
1244044079	74514537	88604747
1244044079	101253194	97189969
1244044099	73597025	77922379
1244044119	77922379	88604747
1244044119	103153742	97189969
1244044119	74776668	98304076
1244044139	77922379	88604747
1244044139	103153742	97189969
1244044139	74514537	74776668
1244044159	103153742	97189969
1244044159	74514537	98304076
1244044179	74514537	98304076
1244044179	74514537	74776668
1244044199	73597025	88604747
1244044199	77922379	88604747
1244044199	103153742	101253194
1244044199	103153742	97189969
1244044199	74514537	98304076
1244044199	74514537	74776668
1244044219	103153742	101253194
1244044219	103153742	97189969
1244044219	74514537	98304076
1244044219	101253194	97189969
1244044219	78118983	96141395
1244044239	103153742	101253194
1244044239	103153742	97189969
1244044239	74514537	74776668
1244044239	101253194	97189969
1244044259	103153742	101253194
1244044259	103153742	97189969
1244044259	74514537	98304076
1244044259	101253194	97189969
1244044259	78118983	96141395
1244044259	74776668	98304076
1244044279	103153742	101253194
1244044279	103153742	97189969
1244044279	74514537	98304076
1244044279	74514537	74776668
1244044279	74776668	98304076
1244044279	78118983	96141395
1244044299	103153742	97189969
1244044299	101253194	97189969
1244044299	74514537	98304076
1244044299	74514537	74776668
1244044299	74776668	98304076
1244044319	73597025	77922379
1244044319	74514537	98304076
1244044319	74776668	98304076
1244044339	74514537	98304076
1244044339	74514537	74776668
1244044339	74776668	98304076
1244044359	73597025	88604747
1244044359	73597025	77922379
1244044359	74514537	74776668
1244044359	74776668	98304076
1244044379	73597025	77922379
1244044379	77922379	88604747
1244044379	74514537	98304076
1244044379	74776668	98304076
1244044399	77922379	88604747
1244044399	74514537	98304076
1244044399	74514537	74776668
1244044399	74776668	98304076
1244044419	103153742	97189969
1244044439	73597025	77922379
1244044439	103153742	97189969
1244044439	76283988	100335706
1244044439	74514537	98304076
1244044439	74776668	98304076
1244044459	103153742	101253194
1244044459	103153742	97189969
1244044459	74514537	98304076
1244044479	103153742	101253194
1244044479	103153742	97189969
1244044479	76283988	100335706
1244044479	74776668	98304076
1244044499	103153742	97189969
1244044499	74514537	98304076
1244044499	74514537	74776668
1244044499	74776668	98304076
1244044519	73597025	88604747
1244044519	94699588	100466749
1244044519	74514537	98304076
1244044519	74514537	74776668
1244044519	74776668	98304076
1244044539	74776668	74514537
1244044539	74776668	98304076
1244044539	74514537	98304076
1244044539	100466749	94699588
1244044559	74514537	98304076
1244044559	74514537	74776668
1244044559	74776668	98304076
1244044559	100466749	94699588
1244044599	73597025	88604747
1244044599	73597025	77922379
1244044599	77922379	88604747
1244044599	77922379	74514537
1244044599	103153742	97189969
1244044599	88604747	74514537
1244044599	101253194	97189969
1244044619	73597025	88604747
1244044619	73597025	74514537
1244044619	73597025	77922379
1244044619	77922379	88604747
1244044619	77922379	74514537
1244044619	103153742	97189969
1244044619	74514537	88604747
1244044639	103153742	97189969
1244044639	101253194	74514537
1244044659	97189969	74514537
1244044679	103153742	74514537
1244044759	78118983	96141395
1244044779	100335706	76283988
1244044779	78118983	96141395
1244044799	100335706	76283988
1244044799	78118983	96141395
1244044819	78118983	96141395
1244044839	78118983	96141395
1244044859	78118983	96141395
1244044879	78118983	96141395
1244044899	78118983	96141395
1244044919	100335706	78118983
1244044919	78118983	96141395
1244044939	100335706	76283988
1244044959	100335706	76283988
1244044999	94699588	100466749
1244044999	78118983	96141395
1244045019	100335706	76283988
1244045019	94699588	100466749
1244045019	78118983	96141395
1244045039	94699588	100466749
1244045039	78118983	96141395
1244045059	94699588	100466749
1244045079	94699588	100466749
1244045099	94699588	100466749
1244045099	78118983	96141395
1244045119	94699588	100466749
1244045139	96141395	78118983
1244045139	94699588	100466749
1244045159	96141395	78118983
1244045179	96141395	78118983
1244045199	100335706	76283988
1244045199	78118983	96141395
1244045279	94699588	100466749
1244045379	100335706	76283988
1244045419	100335706	76283988
1244045439	100466749	94699588
1244045459	94699588	100466749
1244045459	100335706	76283988
1244045479	100335706	76283988
1244045579	94699588	100466749
1244045599	100335706	76283988
1244045819	94699588	100466749
1244045839	94699588	100466749
1244045859	100466749	94699588
1244045879	100335706	76283988
1244045919	100335706	76283988
1244045939	100335706	76283988
1244045979	76283988	100335706
1244045999	76283988	100335706
1244046019	80150629	78118984
1244046019	76283988	100335706
1244046039	80150629	78118984
1244046039	76283988	100335706
1244046059	94699588	100466749
1244046059	80150629	78118984
1244046119	76283988	100335706
1244046139	80150629	78118984
1244046139	76283988	100335706
1244046159	80150629	78118984
1244046179	94699588	100466749
1244046179	80150629	78118984
1244046179	76283988	100335706
1244046199	94699588	100466749
1244046199	80150629	78118984
1244046199	76283988	100335706
1244046219	80150629	78118984
1244046239	94699588	100466749
1244046239	80150629	78118984
1244046279	94699588	100466749
1244046299	94699588	78118984
1244046299	94699588	100466749
1244046319	94699588	100466749
1244046339	94699588	100466749
1244046339	80150629	78118984
1244046339	76283988	100335706
1244046359	100335706	76283988
1244046379	78118984	80150629
1244046399	78118984	80150629
1244046399	100335706	76283988
1244046419	78118984	80150629
1244046419	100335706	76283988
1244046439	78118984	80150629
1244046459	78118984	80150629
1244046479	78118984	80150629
1244046499	78118984	80150629
1244046519	78118984	80150629
1244046539	78118984	80150629
1244046559	78118984	80150629
1244046579	78118984	80150629
1244046599	78118984	80150629
1244046599	74776669	80150629
1244046619	78118984	80150629
1244046619	100335706	76283988
1244046659	78118984	80150629
1244046679	78118984	80150629
1244046699	78118984	80150629
1244046719	80150629	78118984
1244046719	74776669	100335706
1244046739	74776669	100335706
1244046759	74776669	100335706
1244046779	80150629	78118984
1244046779	74776669	100335706
1244046799	100335706	74776669
1244046799	94699589	96141396
1244046799	101843031	100991081
1244046799	96141396	100991081
1244046799	96141396	100466750
1244046799	98304077	100466750
1244046799	100466750	100991081
1244046819	96141396	94699589
1244046819	96141396	100991081
1244046819	100991081	101843031
1244046819	100991081	100466750
1244046819	80150629	78118984
1244046819	101843031	94699589
1244046819	101843031	100466750
1244046819	74776669	100335706
1244046819	98304077	100466750
1244046839	96141396	101843031
1244046839	96141396	94699589
1244046839	100991081	98304077
1244046839	100991081	100466750
1244046839	100991081	94699589
1244046839	101843031	98304077
1244046839	101843031	94699589
1244046839	74776669	100335706
1244046839	98304077	100466750
1244046839	100466750	94699589
1244046859	100335706	74776669
1244046859	100991081	96141396
1244046859	100991081	98304077
1244046859	100991081	94699589
1244046859	80150629	78118984
1244046859	101843031	96141396
1244046859	96141396	98304077
1244046859	96141396	100466750
1244046859	98304077	94699589
1244046859	98304077	100466750
1244046879	100335706	74776669
1244046879	94699589	101843031
1244046879	101843031	98304077
1244046879	101843031	100991081
1244046899	96141396	98304077
1244046899	100991081	101843031
1244046899	74776669	100335706
1244046899	98304077	100466750
1244046919	74776669	100335706
1244046919	98304077	100466750
1244046939	100335706	74776669
1244046959	80150629	78118984
1244046959	101843031	98304077
1244046959	74776669	100335706
1244046979	100335706	74776669
1244046979	80150629	78118984
1244046979	98304077	100466750
1244046999	96141396	98304077
1244046999	100991081	101843031
1244046999	80150629	78118984
1244046999	74776669	100335706
1244046999	98304077	100466750
1244047019	100335706	74776669
1244047019	100991081	101843031
1244047019	100991081	98304077
1244047019	100991081	100466750
1244047019	80150629	78118984
1244047019	101843031	94699589
1244047039	96141396	100991081
1244047039	96141396	80150629
1244047039	100991081	101843031
1244047039	80150629	78118984
1244047039	80150629	101843031
1244047039	74776669	100335706
1244047039	100466750	94699589
1244047059	100335706	74776669
1244047059	100991081	101843031
1244047059	80150629	78118984
1244047059	80150629	98304077
1244047059	101843031	94699589
1244047059	101843031	100466750
1244047059	96141396	98304077
1244047079	94699589	101843031
1244047079	80150629	78118984
1244047079	101843031	98304077
1244047079	101843031	100991081
1244047079	96141396	98304077
1244047079	96141396	100991081
1244047099	96141396	100466750
1244047099	100991081	101843031
1244047099	101843031	98304077
1244047099	101843031	94699589
1244047099	74776669	100335706
1244047119	100335706	74776669
1244047119	80150629	78118984
1244047119	101843031	98304077
1244047119	101843031	94699589
1244047119	96141396	100466750
1244047139	96141396	100466750
1244047139	100991081	101843031
1244047139	100991081	98304077
1244047139	80150629	78118984
1244047139	101843031	98304077
1244047139	101843031	94699589
1244047139	74776669	100335706
1244047139	98304077	100466750
1244047139	98304077	94699589
1244047159	80150629	78118984
1244047159	101843031	100991081
1244047159	74776669	100335706
1244047159	98304077	100991081
1244047179	100335706	74776669
1244047179	94699589	101843031
1244047179	96141396	100466750
1244047179	98304077	100991081
1244047199	100335706	74776669
1244047199	100991081	98304077
1244047199	96141396	100466750
1244047219	100335706	74776669
1244047219	100991081	98304077
1244047219	96141396	98304077
1244047219	96141396	100466750
1244047239	100335706	74776669
1244047239	100991081	96141396
1244047239	100991081	98304077
1244047239	100991081	100466750
1244047239	96141396	98304077
1244047239	96141396	94699589
1244047259	100335706	74776669
1244047259	100991081	101843031
1244047259	100991081	96141396
1244047259	100991081	100466750
1244047259	76283988	74776669
1244047259	101843031	96141396
1244047259	101843031	98304077
1244047259	101843031	94699589
1244047259	96141396	94699589
1244047279	100991081	101843031
1244047279	100991081	94699589
1244047279	76283988	100335706
1244047279	101843031	100466750
1244047279	101843031	98304077
1244047279	101843031	94699589
1244047299	96141396	100466750
1244047299	96141396	100991081
1244047299	100991081	100466750
1244047299	101843031	100466750
1244047319	101843031	96141396
1244047319	101843031	94699589
1244047319	101843031	100466750
1244047339	94699589	101843031
1244047339	94699589	100991081
1244047339	101843031	100466750
1244047339	96141396	100991081
1244047339	100466750	100991081
1244047359	100991081	101843031
1244047359	101843031	96141396
1244047359	101843031	94699589
1244047359	96141396	100466750
1244047379	96141396	100466750
1244047379	101843031	94699589
1244047399	100991081	98304077
1244047399	96141396	98304077
1244047419	96141396	98304077
1244047419	100991081	98304077
1244047439	101843031	96141396
1244047439	96141396	98304077
1244047459	96141396	98304077
1244047459	96141396	100991081
1244047459	100991081	98304077
1244047459	80150630	78118985
1244047459	101843031	98304077
1244047459	101843031	94699589
1244047459	101843031	100466750
1244047459	98304077	100466750
1244047479	96141396	100991081
1244047479	100991081	98304077
1244047479	80150630	78118985
1244047479	101843031	100466750
1244047499	100991081	98304077
1244047499	80150630	78118985
1244047519	80150630	78118985
1244047519	101843031	94699589
1244047519	101843031	100466750
1244047519	96141396	94699589
1244047539	96141396	94699589
1244047539	96141396	100466750
1244047539	94699589	101843031
1244047539	80150630	78118985
1244047539	101843031	98304077
1244047539	101843031	100991081
1244047539	101843031	100466750
1244047559	100991081	101843031
1244047559	80150630	78118985
1244047559	101843031	94699589
1244047579	94699589	98304077
1244047579	80150630	78118985
1244047579	101843031	100991081
1244047599	100991081	101843031
1244047599	98304077	100466750
1244047619	94699589	101843031
1244047619	94699589	100991081
1244047619	80150630	78118985
1244047619	101843031	100991081
1244047639	101843031	74776669
1244047659	94699589	101843031
1244047679	94699589	100991081
1244047679	80150630	78118985
1244047679	76283989	74514538
1244047679	96141396	98304077
1244047679	98304077	100466750
1244047699	100991081	94699589
1244047699	101843031	94699589
1244047699	96141396	98304077
1244047699	96141396	100466750
1244047699	98304077	100466750
1244047719	96141396	98304077
1244047719	100991081	94699589
1244047719	76283989	74514538
1244047739	100991081	94699589
1244047739	80150630	78118985
1244047739	76283989	74514538
1244047739	96141396	98304077
1244047739	98304077	100466750
1244047759	96141396	98304077
1244047759	78118985	80150630
1244047759	76283989	74514538
1244047779	100991081	101843031
1244047779	100991081	94699589
1244047779	80150630	78118985
1244047779	101843031	94699589
1244047779	96141396	98304077
1244047799	96141396	98304077
1244047799	96141396	100466750
1244047799	94699589	101843031
1244047799	94699589	100991081
1244047799	80150630	78118985
1244047799	101843031	100991081
1244047799	98304077	100466750
1244047819	96141396	98304077
1244047819	100991081	101843031
1244047819	100991081	94699589
1244047819	80150630	78118985
1244047819	101843031	94699589
1244047839	100991081	101843031
1244047839	80150630	78118985
1244047839	76283989	74514538
1244047839	101843031	100466750
1244047839	74776669	100466750
1244047859	94699589	101843031
1244047859	94699589	100991081
1244047859	80150630	78118985
1244047859	76283989	74514538
1244047859	101843031	100991081
1244047859	101843031	100466750
1244047859	100466750	100991081
1244047879	100991081	100466750
1244047879	100991081	94699589
1244047879	80150630	78118985
1244047879	76283989	74514538
1244047879	100466750	94699589
1244047899	100991081	94699589
1244047899	80150630	78118985
1244047899	78118985	74514538
1244047899	76283989	74514538
1244047899	101843031	100466750
1244047899	101843031	94699589
1244047919	96141396	101843031
1244047919	96141396	100991081
1244047919	96141396	94699589
1244047919	100991081	101843031
1244047919	100991081	94699589
1244047919	80150630	78118985
1244047919	101843031	100466750
1244047919	101843031	94699589
1244047939	80150630	78118985
1244047939	76283989	74514538
1244047959	100991081	101843031
1244047959	100991081	100466750
1244047959	76283989	74514538
1244047959	96141396	94699589
1244047979	100991081	100466750
1244047979	101843031	100466750
1244047999	96141396	100466750
1244047999	76283989	74514538
1244047999	101843031	100991081
1244048019	76283989	74514538
1244048019	101843031	96141396
1244048019	101843031	100466750
1244048019	96141396	100466750
1244048039	96141396	100466750
1244048039	100991081	94699589
1244048039	76283989	74514538
1244048059	100991081	100466750
1244048059	76283989	74514538
1244048079	94699589	100466750
1244048079	96141396	100991081
1244048099	100991081	101843031
1244048099	101843031	96141396
1244048099	100466750	94699589
1244048119	100466750	94699589
1244048139	80150630	78118985
1244048139	76283989	74514538
1244048139	100466750	94699589
1244048159	80150630	78118985
1244048159	100466750	94699589
1244048179	94699589	100466750
1244048179	80150630	78118985
1244048199	80150630	78118985
1244048199	74776669	98304077
1244048219	96141396	101843031
1244048219	80150630	78118985
1244048219	76283989	74514538
1244048219	100466750	94699589
1244048239	96141396	101843031
1244048239	94699589	100466750
1244048239	80150630	78118985
1244048239	76283989	74514538
1244048239	74776669	98304077
1244048259	80150630	78118985
1244048259	74776669	98304077
1244048279	80150630	78118985
1244048279	76283989	74514538
1244048299	80150630	78118985
1244048299	76283989	74514538
1244048299	74776669	98304077
1244048319	80150630	78118985
1244048319	76283989	74514538
1244048319	100466750	94699589
1244048339	80150630	78118985
1244048359	80150630	78118985
1244048359	76283989	74514538
1244048359	101843031	100991081
1244048379	100991081	101843031
1244048399	80150630	78118985
1244048399	76283989	74514538
1244048419	80150630	78118985
1244048439	100991081	101843031
1244048439	80150630	78118985
1244048439	76283989	74514538
1244048439	74776669	98304077
1244048459	96141396	101843031
1244048459	94699589	74514538
1244048459	94699589	100466750
1244048459	80150630	78118985
1244048479	96141396	101843031
1244048479	94699589	100466750
1244048479	101843031	100991081
1244048479	74776669	98304077
1244048499	74776669	98304077
1244048499	100466750	94699589
1244048519	100991081	101843031
1244048519	100991081	100466750
1244048519	80150630	78118985
1244048519	101843031	94699589
1244048519	101843031	100466750
1244048519	74776669	98304077
1244048539	100991081	100466750
1244048539	101843031	100466750
1244048539	74776669	98304077
1244048539	100466750	94699589
1244048559	80150630	78118985
1244048559	76283989	74514538
1244048559	74776669	98304077
1244048579	100991081	101843031
1244048579	80150630	78118985
1244048579	76283989	74514538
1244048579	74776669	98304077
1244048579	100466750	94699589
1244048599	94699589	100466750
1244048599	80150630	78118985
1244048599	76283989	74514538
1244048599	101843031	100991081
1244048619	100991081	101843031
1244048619	100991081	94699589
1244048619	76283989	74514538
1244048619	100466750	94699589
1244048639	96141396	98304077
1244048639	100991081	101843031
1244048639	76283989	74514538
1244048639	101843031	100466750
1244048639	74776669	98304077
1244048639	100466750	94699589
1244048659	80150630	78118985
1244048659	76283989	74514538
1244048659	101843031	100991081
1244048659	74776669	98304077
1244048659	100466750	100991081
1244048679	96141396	98304077
1244048679	96141396	74776669
1244048679	80150630	78118985
1244048679	76283989	74514538
1244048679	74776669	98304077
1244048699	96141396	101843031
1244048699	96141396	98304077
1244048699	96141396	100991081
1244048699	94699589	101843031
1244048699	94699589	100991081
1244048699	80150630	78118985
1244048699	101843031	100466750
1244048699	74776669	98304077
1244048699	98304077	100991081
1244048719	96141396	94699589
1244048719	96141396	100991081
1244048719	96141396	100466750
1244048719	100991081	101843031
1244048719	100991081	100466750
1244048719	100991081	94699589
1244048719	101843031	94699589
1244048719	74776669	98304077
1244048719	100466750	94699589
1244048739	101843031	94699589
1244048739	101843031	96141396
1244048759	100991081	101843031
1244048759	100991081	96141396
1244048759	100991081	94699589
1244048759	100991081	100466750
1244048759	80150630	78118985
1244048759	101843031	100466750
1244048759	101843031	94699589
1244048759	96141396	100466750
1244048759	100466750	94699589
1244048779	100991081	101843031
1244048779	100991081	96141396
1244048779	100991081	100466750
1244048779	100991081	94699589
1244048779	80150630	78118985
1244048779	76283989	74514538
1244048779	101843031	96141396
1244048779	101843031	100466750
1244048799	101843031	96141396
1244048799	101843031	100466750
1244048799	96141396	100466750
1244048799	96141396	100991081
1244048819	100991081	101843031
1244048819	80150630	78118985
1244048819	76283989	74514538
1244048819	100466750	94699589
1244048839	100991081	101843031
1244048839	100991081	96141396
1244048839	100991081	100466750
1244048839	76283989	74514538
1244048839	101843031	96141396
1244048839	101843031	100466750
1244048839	96141396	100466750
1244048859	96141396	101843031
1244048859	96141396	100466750
1244048859	96141396	100991081
1244048859	100991081	100466750
1244048859	101843031	100466750
1244048859	101843031	94699589
1244048859	100466750	94699589
1244048879	76283989	74514538
1244048879	101843031	94699589
1244048899	100991081	100466750
1244048899	76283989	74514538
1244048899	101843031	94699589
1244048919	96141396	98304077
1244048919	100991081	94699589
1244048919	76283989	74514538
1244048939	100991081	101843031
1244048939	101843031	100466750
1244048939	96141396	98304077
1244048959	101843031	100466750
1244048959	96141396	98304077
1244048979	96141396	101843031
1244048979	96141396	100991081
1244048979	96141396	100466750
1244048979	76283989	74514538
1244048979	101843031	100466750
1244048979	101843031	100991081
1244048979	100466750	100991081
1244048999	96141396	101843031
1244048999	96141396	98304077
1244048999	96141396	100466750
1244048999	96141396	100991081
1244048999	76283989	74514538
1244048999	101843031	100466750
1244049019	100991081	101843031
1244049019	76283989	74514538
1244049019	101843031	100466750
1244049019	96141396	98304077
1244049039	100991081	101843031
1244049039	100991081	100466750
1244049039	76283989	74514538
1244049039	101843031	100466750
1244049039	96141396	98304077
1244049039	98304077	100466750
1244049059	76283989	74514538
1244049099	76283989	74514538
1244049099	101843031	96141396
1244049099	101843031	98304077
1244049099	101843031	100466750
1244049099	96141396	98304077
1244049099	96141396	100466750
1244049099	98304077	100466750
1244049119	76283989	74514538
1244049159	76283989	74514538
1244049159	96141396	98304077
1244049179	76283989	74514538
1244049219	80150630	78118985
1244049239	80150630	78118985
1244049259	96141396	98304077
1244049259	80150630	78118985
1244049259	76283989	74514538
1244049279	96141396	98304077
1244049279	80150630	78118985
1244049279	76283989	74514538
1244049299	76283989	98304077
1244049299	74514538	98304077
1244049319	76283989	74514538
1244049319	76283989	98304077
1244049319	96141396	98304077
1244049339	76283989	74514538
1244049359	78118985	74776669
1244049359	80150630	74776669
1244049379	80150630	78118985
1244049379	80150630	74776669
1244049379	78118985	74776669
1244049399	80150630	78118985
1244049399	80150630	74776669
1244049399	78118985	74776669
1244049419	80150630	78118985
1244049419	80150630	74776669
1244049419	78118985	74776669
1244049439	80150630	78118985
1244049439	78118985	74776669
1244049459	80150630	78118985
1244049459	100335706	98304077
1244049479	80150630	78118985
1244049499	100335706	98304077
1244049499	80150630	78118985
1244049519	80150630	78118985
1244049539	96141396	98304077
1244049539	80150630	78118985
1244049539	100335706	98304077
1244049559	78118985	80150630
1244049559	100335706	98304077
1244049579	100335706	98304077
1244049599	78118985	80150630
1244049619	78118985	80150630
1244049619	98304077	100335706
1244049639	78118985	80150630
1244049659	78118985	80150630
1244049679	78118985	80150630
1244049699	78118985	80150630
1244049719	78118985	80150630
1244049739	78118985	80150630
1244049739	100335706	98304077
1244049759	78118985	80150630
1244049779	78118985	80150630
1244049779	100335706	98304077
1244049799	78118985	80150630
1244049819	78118985	80150630
1244049839	78118985	80150630
1244049839	98304077	96141396
1244050459	74514539	76283990
1244050539	74514539	76283990
1244050599	74514539	76283990
1244050619	76283990	74514539
1244050619	96141396	98304077
1244050639	96141396	98304077
1244050659	74514539	76283990
1244050659	96141396	98304077
1244050679	76283990	74514539
1244050699	74514539	76283990
1244050719	76283990	74514539
1244050739	76283990	74514539
1244050799	74514539	76283990
1244050839	74514539	76283990
1244050839	96141396	98304077
1244050859	76283990	74514539
1244050859	96141396	98304077
1244050879	76283990	74514539
1244050899	96141396	98304077
1244050939	76283990	74514539
1244050959	76283990	74514539
1244050979	76283990	74514539
1244050999	74514539	76283990
1244051019	74514539	76283990
1244051039	74514539	76283990
1244051039	96141396	98304077
1244051059	74514539	76283990
1244051079	74514539	76283990
1244051099	74514539	76283990
1244051119	74514539	76283990
1244051179	76283990	74514539
1244051199	74514539	76283990
1244051219	74514539	76283990
1244051319	96141396	98304077
1244051339	96141396	98304077
1244051359	96141396	98304077
1244051379	96141396	98304077
1244051399	96141396	98304077
1244051419	74514539	76283990
1244051419	96141396	98304077
1244051439	74514539	76283990
1244051439	96141396	98304077
1244051459	74514539	76283990
1244051479	74514539	76283990
1244051519	96141396	98304077
1244051619	74514539	76283990
1244051639	76283990	74514539
1244051699	96141396	98304077
1244051719	98304077	96141396
1244051739	74514539	76283990
1244051759	98304077	96141396
1244051779	74514539	76283990
1244051779	96141396	98304077
1244051799	74514539	76283990
1244051799	96141396	98304077
1244051819	74514539	76283990
1244051819	96141396	98304077
1244051839	98304077	96141396
1244051839	76283990	74514539
1244051859	76283990	74514539
1244051879	76283990	74514539
1244051899	74514539	76283990
1244051919	74514539	76283990
1244051919	96141396	98304077
1244051939	96141396	98304077
1244051959	96141396	98304077
