1241517799	84410399	102498342
1241517819	102498342	75431966
1241517839	84410399	75431966
1241517859	84410399	75431966
1241517879	102498342	75431966
1241517899	102498342	75431966
1241517919	84410399	102498342
1241517919	84410399	75431966
1241517939	84410399	102498342
1241517939	84410399	75431966
1241517939	102498342	75431966
1241517959	84410399	102498342
1241517959	84410399	75431966
1241517959	102498342	75431966
1241517999	84410399	75431966
1241518019	84410399	75431966
1241518039	102498342	75431966
1241518079	84410399	75431966
1241518079	102498342	75431966
1241518099	84410399	75431966
1241518099	102498342	75431966
1241518119	84410399	102498342
1241518119	84410399	75431966
1241518119	102498342	75431966
1241518139	84410399	75431966
1241518159	84410399	102498342
1241518159	84410399	75431966
1241518179	84410399	102498342
1241518199	84410399	102498342
1241518199	102498342	75431966
1241518219	84410399	102498342
1241518219	84410399	75431966
1241518219	102498342	75431966
1241518259	84410399	75431966
1241518259	102498342	75431966
1241518279	84410399	102498342
1241518279	84410399	75431966
1241518279	102498342	75431966
1241518299	84410399	102498342
1241518299	84410399	75431966
1241518319	84410399	102498342
1241518319	84410399	75431966
1241518339	84410399	102498342
1241518339	84410399	75431966
1241518359	84410399	102498342
1241518359	84410399	75431966
1241518379	84410399	102498342
1241518379	84410399	75431966
1241518399	84410399	102498342
1241518399	84410399	75431966
1241518399	102498342	75431966
1241521059	102498343	75431967
1241521099	84410400	102498343
1241521159	84410400	75431967
1241521179	84410400	102498343
1241521179	102498343	75431967
1241521239	102498343	75431967
1241521259	84410400	75431967
1241521259	102498343	75431967
1241521279	102498343	75431967
1241521299	102498343	75431967
1241521319	84410400	75431967
1241521339	84410400	75431967
1241521359	84410400	75431967
1241521399	84410400	75431967
1241521419	84410400	75431967
1241521439	84410400	75431967
1241521459	84410400	75431967
1241521519	84410400	75431967
1241521539	102498343	75431967
1241521559	84410400	75431967
1241521559	102498343	75431967
1241521579	84410400	75431967
1241521579	102498343	75431967
1241521619	84410400	75431967
1241521619	102498343	75431967
1241521639	84410400	75431967
1241521639	102498343	75431967
1241521719	94502935	77463585
1241521719	84410400	75431967
1241521739	94502935	77463585
1241521739	84410400	102498343
1241521739	84410400	75431967
1241521759	84410400	102498343
1241521759	102498343	75431967
1241521779	94502935	77463585
1241521779	84410400	75431967
1241521779	102498343	75431967
1241521839	102498343	75431967
1241521859	104267812	75431967
1241521859	102498343	75431967
1241521879	102498343	75431967
1241521939	104267812	102498343
1241521959	84410400	102498343
1241521979	84410400	102498343
1241521999	84410400	75431967
1241522139	102498343	75431967
1241522279	84410400	75431967
1241522279	102498343	75431967
1241522299	84410400	75431967
1241522319	84410400	75431967
1241522339	84410400	102498343
1241522359	102498343	75431967
1241522379	84410400	102498343
1241522419	84410400	75431967
1241522439	84410400	102498343
1241522439	102498343	75431967
1241522479	84410400	102498343
1241522479	102498343	75431967
1241522499	84410400	102498343
1241522499	84410400	75431967
1241522579	84410400	102498343
1241522719	102498343	75431967
1241522739	102498343	75431967
1241522759	84410400	75431967
1241522759	102498343	75431967
1241522819	102498343	75431967
1241522879	102498343	75431967
1241522899	82706482	73269276
1241522899	102498343	75431967
1241522919	84410400	77266983
1241522919	82706482	77266983
1241522919	102498343	75431967
1241522939	84410400	102498343
1241522939	82706482	73269276
1241522939	73269276	77266983
1241522939	102498343	75431967
1241523039	82706482	73269276
1241523059	82706482	73269276
1241523119	82706482	77266983
1241523119	82706482	73269276
1241523139	82706482	77266983
1241523139	82706482	73269276
1241523159	82706482	73269276
1241523239	82706482	73269276
1241523239	77266983	73269276
1241523259	82706482	77266983
1241523259	82706482	73269276
1241523259	73269276	77266983
1241523279	82706482	77266983
1241523279	82706482	73269276
1241523299	82706482	73269276
1241523319	76021781	84410401
1241523319	76021781	76283944
1241523319	82706482	73269276
1241523319	73269276	77266983
1241523339	76021781	84410401
1241523339	76283944	78446616
1241523339	82706482	73269276
1241523339	73269276	77266983
1241523359	76021781	78446616
1241523359	78446616	84410401
1241523359	77266983	73269276
1241523379	84410401	78446616
1241523399	76283944	84410401
1241523419	77266983	73269276
1241523419	84410401	78446616
1241523439	76021781	76283944
1241523439	76021781	78446616
1241523439	76283944	84410401
1241523459	84410401	76283944
1241523459	76283944	76021781
1241523479	78446616	84410401
1241523519	76283944	76021781
1241523519	78446616	76021781
1241523539	76283944	78446616
1241523559	84410401	76283944
1241523559	82706482	73269276
1241523579	77266983	73269276
1241523579	78446616	76021781
1241523579	106627093	73269276
1241523599	76021781	76283944
1241523599	76021781	78446616
1241523619	82706482	73269276
1241523639	76021781	76283944
1241523639	76021781	78446616
1241523639	76283944	78446616
1241523639	78446616	84410401
1241523659	76021781	84410401
1241523659	78446616	84410401
1241523699	76021781	84410401
1241523699	76021781	78446616
1241523699	76283944	78446616
1241523719	77266983	73269276
1241523759	76283944	78446616
1241523759	82706482	77266983
1241523759	82706482	73269276
1241523779	76021781	76283944
1241523779	78446616	84410401
1241523779	82706482	73269276
1241523779	77266983	73269276
1241523799	78446616	76021781
1241523799	82706482	73269276
1241523819	76021781	84410401
1241523819	76021781	76283944
1241523819	76021781	78446616
1241523819	78446616	84410401
1241523819	82706482	73269276
1241523839	76021781	78446616
1241523839	78446616	84410401
1241523839	82706482	73269276
1241523859	77266983	73269276
1241523859	82706482	73269276
1241523879	78446616	84410401
1241523899	76283944	76021781
1241523899	76283944	78446616
1241523919	76021781	76283944
1241523919	76021781	78446616
1241523919	76283944	84410401
1241523919	78446616	84410401
1241523919	82706482	73269276
1241523919	77266983	73269276
1241523939	76283944	76021781
1241523939	76283944	78446616
1241523939	78446616	76021781
1241523959	76021781	78446616
1241523979	84410401	76021781
1241523979	84410401	78446616
1241523979	76283944	76021781
1241523979	82706482	73269276
1241523979	77266983	73269276
1241523999	77266983	73269276
1241523999	76021781	84410401
1241523999	76021781	76283944
1241523999	76021781	78446616
1241524019	77266983	82706482
1241524019	77266983	73269276
1241524019	84410401	78446616
1241524019	78446616	76021781
1241524019	82706482	73269276
1241524039	77266983	73269276
1241524039	76021781	84410401
1241524039	76021781	76283944
1241524039	76283944	84410401
1241524039	76283944	78446616
1241524039	78446616	84410401
1241524039	82706482	73269276
1241524059	76021781	76283944
1241524059	78446616	84410401
1241524059	82706482	77266983
1241524059	82706482	73269276
1241524079	77266983	82706482
1241524079	77266983	73269276
1241524079	84410401	78446616
1241524079	82706482	73269276
1241524099	82706482	73269276
1241524119	82706482	73269276
1241524119	82706482	75431968
1241524119	73269276	75431968
1241524139	78446616	84410401
1241524159	104923179	102498344
1241524159	77266983	73269276
1241524159	77266983	82706482
1241524159	84410401	78446616
1241524159	82706482	73269276
1241524179	104923179	102498344
1241524179	77266983	82706482
1241524179	77266983	73269276
1241524179	76021781	76283944
1241524179	78446616	84410401
1241524179	82706482	73269276
1241524199	84410401	78446616
1241524199	82706482	77266983
1241524219	104923179	102498344
1241524219	77266983	73269276
1241524219	78446616	84410401
1241524239	104923179	102498344
1241524239	106627093	102498344
1241524239	106627093	76283944
1241524239	84410401	78446616
1241524259	76283944	78446616
1241524259	77266983	73269276
1241524279	78446616	76021781
1241524279	77266983	73269276
1241524299	94502935	77463585
1241524299	77266983	73269276
1241524299	82706482	73269276
1241524299	104202257	104267813
1241524319	94502935	77463585
1241524319	76021781	84410401
1241524319	78446616	84410401
1241524319	104202257	104267813
1241524339	104923179	102498344
1241524339	84410401	78446616
1241524339	76283944	78446616
1241524339	104202257	104267813
1241524359	82706482	73269276
1241524359	104202257	104267813
1241524379	94502935	77463585
1241524379	84410401	76283944
1241524379	84410401	78446616
1241524379	76283944	76021781
1241524379	76283944	78446616
1241524379	104202257	104267813
1241524399	94502935	77463585
1241524399	77463585	73269276
1241524399	76283944	76021781
1241524399	76283944	84410401
1241524399	76283944	78446616
1241524399	78446616	76021781
1241524399	78446616	84410401
1241524399	76021781	84410401
1241524399	104202257	104267813
1241524419	76283944	84410401
1241524419	76283944	76021781
1241524419	76283944	78446616
1241524419	78446616	84410401
1241524419	78446616	76021781
1241524419	84410401	76021781
1241524419	99876886	104202257
1241524419	104202257	104267813
1241524439	101187625	75431968
1241524439	82706482	73269276
1241524439	73269276	77266983
1241524459	77266983	73269276
1241524499	104202257	104267813
1241524519	82706482	73269276
1241524539	104923179	102498344
1241524539	82706482	73269276
1241524559	104923179	102498344
1241524559	77266983	73269276
1241524559	78381090	87359508
1241524559	82706482	73269276
1241524579	78381090	87359508
1241524579	104202257	104267813
1241524599	78381090	87359508
1241524599	82706482	73269276
1241524619	77266983	73269276
1241524619	78381090	87359508
1241524639	77266983	73269276
1241524639	78381090	87359508
1241524639	82706482	73269276
1241524639	104202257	104267813
1241524659	78381090	87359508
1241524659	82706482	73269276
1241524679	73269276	82706482
1241524679	78381090	87359508
1241524679	104202257	104267813
1241524699	94502935	77463585
1241524699	78381090	87359508
1241524719	78381090	87359508
1241524739	78381090	87359508
1241524759	78381090	87359508
1241524779	78381090	87359508
1241524819	104923179	102498344
1241524819	78381090	87359508
1241524839	104923179	102498344
1241524839	78381090	87359508
1241524859	82706482	73269276
1241524879	104923179	102498344
1241524879	78381090	87359508
1241524879	82706482	73269276
1241524879	104202257	104267813
1241524899	104923179	102498344
1241524899	78381090	87359508
1241524919	78381090	87359508
1241524919	82706482	77266983
1241524939	77266983	82706482
1241524939	78381090	87359508
1241524939	104202257	104267813
1241524959	82706482	77266983
1241524959	82706482	73269276
1241524979	78381090	87359508
1241524979	82706482	77266983
1241524979	104202257	104267813
1241524999	104923179	102498344
1241524999	77266983	82706482
1241524999	78381090	87359508
1241524999	104202257	104267813
1241525019	104923179	102498344
1241525019	78381090	87359508
1241525019	82706482	77266983
1241525039	104923179	102498344
1241525039	77266983	82706482
1241525039	78381090	87359508
1241525059	77266983	82706482
1241525059	78381090	87359508
1241525059	104202257	104267813
1241525079	78381090	87359508
1241525079	82706482	77266983
1241525099	77266983	82706482
1241525099	104202257	104267813
1241525119	78381090	87359508
1241525139	82706482	73269276
1241525159	77266983	82706482
1241525159	82706482	73269276
1241525159	104202257	104267813
1241525179	104923179	102498344
1241525179	82706482	73269276
1241525199	104923179	102498344
1241525199	104202257	104267813
1241525219	78381090	87359508
1241525219	82706482	73269276
1241525239	78381090	87359508
1241525259	78381090	87359508
1241525279	104923179	102498344
1241525279	84410402	76021782
1241525279	78381090	87359508
1241525279	104202257	104267813
1241525279	79167523	100466707
1241525299	104923179	102498344
1241525299	84410402	76021782
1241525299	78381090	87359508
1241525299	82706482	73269276
1241525299	76021782	100466707
1241525299	79167523	100466707
1241525319	76021782	84410402
1241525319	82706482	73269276
1241525319	79167523	100466707
1241525339	76021782	84410402
1241525339	76021782	100466707
1241525339	78381090	87359508
1241525339	97189918	78184477
1241525339	79167523	100466707
1241525359	78184477	97189918
1241525359	78381090	87359508
1241525379	76021782	79167523
1241525379	78381090	87359508
1241525379	104202257	104267813
1241525399	78381090	87359508
1241525399	104202257	104267813
1241525439	78381090	87359508
1241525439	79167523	100466707
1241525459	78381090	87359508
1241525479	84410402	100466707
1241525479	78381090	87359508
1241525479	104202257	104267813
1241525499	76021782	97189918
1241525499	78381090	87359508
1241525499	97189918	78184477
1241525499	76283945	100466707
1241525499	84410402	100466707
1241525499	104202257	104267813
1241525519	78381090	87359508
1241525519	82706482	77266983
1241525519	84410402	76283945
1241525519	104202257	104267813
1241525539	78184477	97189918
1241525539	76283945	84410402
1241525539	82706482	77266983
1241525539	84410402	100466707
1241525539	78381090	87359508
1241525559	78381090	87359508
1241525559	76283945	84410402
1241525559	84410402	100466707
1241525559	104202257	104267813
1241525579	84410402	76283945
1241525579	78184477	97189918
1241525579	78381090	87359508
1241525599	78184477	97189918
1241525599	78381090	87359508
1241525599	84410402	76283945
1241525599	104202257	104267813
1241525619	84410402	76283945
1241525619	78381090	87359508
1241525619	97189918	76021782
1241525619	76021782	78184477
1241525619	104202257	104267813
1241525639	84410402	76283945
1241525639	78381090	87359508
1241525639	97189918	78184477
1241525639	76021782	100466707
1241525659	104923179	102498344
1241525659	78184477	97189918
1241525659	78381090	87359508
1241525659	76021782	100466707
1241525659	76283945	100466707
1241525659	104202257	104267813
1241525679	104923179	102498344
1241525679	76021782	100466707
1241525679	78184477	97189918
1241525679	78381090	87359508
1241525679	82706482	77266983
1241525679	76283945	100466707
1241525679	104202257	104267813
1241525699	78381090	87359508
1241525699	104202257	104267813
1241525699	79167523	100466707
1241525719	84410402	76283945
1241525719	84410402	100466707
1241525719	78381090	87359508
1241525719	104202257	104267813
1241525739	76283945	79167523
1241525739	76283945	100466707
1241525739	79167523	100466707
1241525759	76283945	100466707
1241525759	78381090	76021782
1241525759	104202257	104267813
1241525759	79167523	100466707
1241525779	103153683	76021782
1241525779	97189918	78184477
1241525779	78381090	87359508
1241525799	76021782	79167523
1241525799	76021782	76283945
1241525799	76021782	100466707
1241525799	78381090	87359508
1241525799	97189918	78184477
1241525819	84410402	76021782
1241525819	78381090	87359508
1241525819	82706482	77266983
1241525819	76021782	76283945
1241525819	76021782	100466707
1241525819	76283945	100466707
1241525839	77266983	82706482
1241525839	78381090	87359508
1241525839	104202257	104267813
1241525859	77266983	82706482
1241525859	78184477	97189918
1241525859	78381090	87359508
1241525859	76283945	100466707
1241525859	79167523	100466707
1241525879	78184477	97189918
1241525879	82706482	77266983
1241525879	78381090	87359508
1241525879	104202257	104267813
1241525879	79167523	100466707
1241525899	78184477	97189918
1241525899	78381090	87359508
1241525899	104202257	104267813
1241525919	78184477	97189918
1241525919	82706482	73269276
1241525919	76021782	79167523
1241525919	76021782	100466707
1241525919	78381090	87359508
1241525919	104202257	104267813
1241525939	78381090	87359508
1241525939	82706482	77266983
1241525939	82706482	73269276
1241525939	76021782	100466707
1241525939	77266983	73269276
1241525959	104923179	102498344
1241525959	77266983	73269276
1241525959	78381090	87359508
1241525959	97189918	78184477
1241525959	76021782	100466707
1241525959	104202257	104267813
1241525979	76283945	76021782
1241525979	77266983	82706482
1241525979	77266983	73269276
1241525979	78381090	87359508
1241525979	76021782	100466707
1241525979	78839848	105906193
1241525979	73269276	82706482
1241525999	77266983	73269276
1241525999	78184477	97189918
1241525999	78381090	87359508
1241525999	78839848	105906193
1241526019	77266983	73269276
1241526019	77266983	82706482
1241526019	78184477	97189918
1241526019	78381090	87359508
1241526019	82706482	73269276
1241526019	105906193	78839848
1241526019	76021782	100466707
1241526039	78184477	97189918
1241526039	78381090	87359508
1241526039	76021782	100466707
1241526039	78839848	105906193
1241526059	84410402	100466707
1241526059	78184477	97189918
1241526059	78381090	87359508
1241526079	78381090	87359508
1241526079	97189918	78184477
1241526079	79167523	100466707
1241526099	77266983	82706482
1241526099	78184477	97189918
1241526099	78381090	87359508
1241526099	78839848	105906193
1241526099	79167523	100466707
1241526119	97189918	78184477
1241526119	82706482	73269276
1241526119	105906193	78839848
1241526139	78184477	97189918
1241526139	76283945	76021782
1241526139	76283945	100466707
1241526139	82706482	73269276
1241526139	105906193	78839848
1241526139	76021782	79167523
1241526139	76021782	100466707
1241526139	104202257	104267813
1241526139	79167523	73269276
1241526159	76021782	100466707
1241526159	78184477	97189918
1241526159	105906193	78839848
1241526179	78184477	97189918
1241526179	105906193	78839848
1241526179	104202257	104267813
1241526199	104923179	102498344
1241526199	104923179	74776615
1241526199	84410402	76021782
1241526199	84410402	100466707
1241526199	78184477	97189918
1241526199	105906193	78839848
1241526199	79167523	100466707
1241526219	104923179	102498344
1241526219	78184477	97189918
1241526219	97189918	78839848
1241526219	82706482	73269276
1241526219	105906193	78839848
1241526219	104202257	104267813
1241526219	79167523	100466707
1241526239	78184477	97189918
1241526239	105906193	78839848
1241526239	104202257	104267813
1241526239	79167523	100466707
1241526259	84410402	79167523
1241526259	78184477	97189918
1241526259	105906193	78839848
1241526259	79167523	100466707
1241526279	77266983	73269276
1241526279	78184477	97189918
1241526279	105906193	78839848
1241526279	79167523	100466707
1241526299	105906193	78839848
1241526299	104202257	104267813
1241526299	79167523	100466707
1241526299	77266983	73269276
1241526319	104923179	102498344
1241526319	78184477	97189918
1241526319	82706482	77266983
1241526319	105906193	78839848
1241526319	104202257	104267813
1241526319	79167523	100466707
1241526319	77266983	73269276
1241526339	78184477	97189918
1241526339	105906193	78839848
1241526339	104202257	104267813
1241526359	77266983	73269276
1241526359	78184477	97189918
1241526359	105906193	78839848
1241526379	78184477	97189918
1241526379	105906193	78839848
1241526379	104202257	104267813
1241526399	82706482	73269276
1241526399	104202257	104267813
1241526419	82706482	73269276
1241526439	76021782	84410402
1241526459	78381091	87359509
1241526459	105906193	78839848
1241526459	84410402	76283945
1241526459	104202257	104267813
1241526459	77266983	73269276
1241526479	78381091	102498344
1241526479	82706482	73269276
1241526479	84410402	76283945
1241526479	104202257	104267813
1241526479	79167523	100466707
1241526499	84410402	76283945
1241526499	78184477	97189918
1241526499	78381091	102498344
1241526499	82706482	73269276
1241526499	79167523	100466707
1241526519	78184477	97189918
1241526519	78381091	87359509
1241526519	82706482	73269276
1241526519	104202257	104267813
1241526519	79167523	100466707
1241526539	78381091	102498344
1241526539	78381091	87359509
1241526539	87359509	102498344
1241526539	104202257	104267813
1241526559	106627093	76021782
1241526559	76021782	84410402
1241526559	78381091	87359509
1241526559	82706482	77266983
1241526559	79167523	100466707
1241526579	77266983	82706482
1241526579	78381091	102498344
1241526579	78381091	87359509
1241526579	105906193	76021782
1241526579	104202257	104267813
1241526579	79167523	100466707
1241526579	102498344	87359509
1241526599	78381091	102498344
1241526599	104202257	104267813
1241526599	79167523	100466707
1241526619	78184477	97189918
1241526619	104202257	104267813
1241526619	79167523	100466707
1241526619	102498344	87359509
1241526639	78184477	97189918
1241526639	82706482	77266983
1241526639	82706482	73269276
1241526639	104202257	104267813
1241526639	79167523	100466707
1241526639	77266983	73269276
1241526659	76021782	79167523
1241526659	78184477	97189918
1241526659	82706482	77266983
1241526659	82706482	73269276
1241526659	104202257	104267813
1241526659	77266983	73269276
1241526679	77266983	73269276
1241526679	77266983	82706482
1241526679	76021782	76283945
1241526679	78184477	97189918
1241526679	76283945	79167523
1241526679	105906193	106627093
1241526679	79167523	100466707
1241526699	77266983	82706482
1241526699	77266983	73269276
1241526699	84410402	100466707
1241526699	78184477	97189918
1241526699	82706482	73269276
1241526699	76021782	100466707
1241526719	77266983	82706482
1241526719	77266983	73269276
1241526719	76021782	84410402
1241526719	76021782	76283945
1241526719	76021782	100466707
1241526719	78184477	97189918
1241526719	76283945	100466707
1241526719	82706482	73269276
1241526739	106627093	105906193
1241526739	84410402	76021782
1241526739	78184477	97189918
1241526739	76283945	76021782
1241526739	82706482	77266983
1241526739	82706482	73269276
1241526739	76021782	100466707
1241526759	76021782	100466707
1241526759	78184477	97189918
1241526759	84410402	100466707
1241526759	78381091	102498344
1241526759	78381091	87359509
1241526759	87359509	102498344
1241526779	78381091	102498344
1241526779	78381091	87359509
1241526779	97189918	78184477
1241526779	82706482	73269276
1241526799	76021782	76283945
1241526799	76021782	100466707
1241526799	78184477	97189918
1241526799	82706482	73269276
1241526799	78381091	102498344
1241526799	78381091	87359509
1241526799	87359509	102498344
1241526819	106627093	102498344
1241526819	106627093	87359509
1241526819	84410402	76021782
1241526819	78184477	97189918
1241526819	82706482	77266983
1241526819	82706482	73269276
1241526819	76021782	76283945
1241526819	77266983	73269276
1241526839	78381091	87359509
1241526839	77266983	82706482
1241526839	77266983	73269276
1241526839	76021782	76283945
1241526839	78184477	97189918
1241526839	76283945	78839848
1241526839	82706482	73269276
1241526839	106627093	73269276
1241526859	77266983	73269276
1241526859	77266983	82706482
1241526859	76021782	76283945
1241526859	78184477	97189918
1241526859	97189918	78381091
1241526859	78381091	102498344
1241526859	82706482	73269276
1241526859	78839848	79167523
1241526879	106627093	103153684
1241526879	78381091	102498344
1241526879	97189918	78184477
1241526879	82706482	73269276
1241526879	77266983	73269276
1241526899	76021782	100466707
1241526899	78381091	102498344
1241526899	97189918	78184477
1241526899	82706482	73269276
1241526919	78184477	97189918
1241526919	78381091	102498344
1241526919	82706482	73269276
1241526919	77266983	73269276
1241526939	97189918	78184477
1241526939	78381091	87359509
1241526939	82706482	73269276
1241526959	78381091	87359509
1241526959	97189918	78184477
1241526959	97189918	78839848
1241526959	76283945	84410402
1241526959	82706482	77266983
1241526959	82706482	73269276
1241526959	87359509	102498344
1241526959	77266983	73269276
1241526979	78184477	97189918
1241526979	78184477	102498344
1241526979	97189918	102498344
1241526979	78381091	87359509
1241526979	82706482	77266983
1241526979	82706482	73269276
1241526979	105906193	78839848
1241526979	77266983	73269276
1241526999	78184477	97189918
1241526999	78184477	102498344
1241526999	78381091	87359509
1241526999	82706482	73269276
1241526999	87359509	102498344
1241526999	79167523	100466707
1241526999	77266983	73269276
1241527019	97189918	78184477
1241527019	97189918	102498344
1241527019	78381091	87359509
1241527019	82706482	73269276
1241527019	78184477	102498344
1241527019	79167523	100466707
1241527019	77266983	73269276
1241527039	78839848	105906193
1241527039	78184477	97189918
1241527039	97189918	87359509
1241527039	82706482	73269276
1241527039	76021782	100466707
1241527039	77266983	73269276
1241527059	78184477	97189918
1241527059	82706482	73269276
1241527059	77266983	73269276
1241527079	78839848	105906193
1241527079	78184477	97189918
1241527079	97189918	78381091
1241527079	82706482	77266983
1241527079	82706482	73269276
1241527079	77266983	73269276
1241527099	76021782	76283945
1241527099	76021782	100466707
1241527099	78184477	97189918
1241527099	82706482	77266983
1241527099	82706482	73269276
1241527099	105906193	78839848
1241527099	76283945	79167523
1241527099	77266983	73269276
1241527119	78381091	102498344
1241527119	78381091	87359509
1241527119	76021782	76283945
1241527119	76021782	100466707
1241527119	82706482	73269276
1241527119	87359509	102498344
1241527119	77266983	73269276
1241527139	76021782	76283945
1241527139	76021782	100466707
1241527139	97189918	78184477
1241527139	78381091	102498344
1241527139	78381091	87359509
1241527139	82706482	73269276
1241527139	79167523	100466707
1241527139	102498344	87359509
1241527159	76021782	79167523
1241527159	76021782	76283945
1241527159	76021782	100466707
1241527159	78381091	76283945
1241527159	97189918	78184477
1241527159	76283945	79167523
1241527159	76283945	100466707
1241527159	82706482	77266983
1241527159	82706482	73269276
1241527159	105906193	78839848
1241527159	87359509	102498344
1241527159	77266983	73269276
1241527179	78184477	97189918
1241527179	78381091	84410402
1241527179	78381091	76283945
1241527179	82706482	73269276
1241527179	105906193	78839848
1241527179	84410402	76283945
1241527179	77266983	73269276
1241527179	102498344	87359509
1241527199	84410402	76021782
1241527199	78381091	102498344
1241527199	97189918	78184477
1241527199	82706482	73269276
1241527219	76021782	84410402
1241527219	78381091	102498344
1241527219	82706482	73269276
1241527219	79167523	100466707
1241527219	77266983	73269276
1241527239	76021782	100466707
1241527239	82706482	77266983
1241527239	82706482	73269276
1241527239	77266983	73269276
1241527259	78184477	97189918
1241527259	78381091	87359509
1241527259	82706482	73269276
1241527259	77266983	73269276
1241527279	78184477	97189918
1241527279	78381091	87359509
1241527279	82706482	77266983
1241527279	82706482	73269276
1241527279	87359509	102498344
1241527279	79167523	100466707
1241527279	77266983	73269276
1241527299	78381091	87359509
1241527299	82706482	77266983
1241527299	82706482	73269276
1241527299	87359509	102498344
1241527299	79167523	100466707
1241527299	77266983	73269276
1241527319	76021782	79167523
1241527319	78184477	97189918
1241527319	82706482	77266983
1241527319	82706482	73269276
1241527319	78381091	102498344
1241527319	78381091	87359509
1241527319	87359509	102498344
1241527319	77266983	73269276
1241527339	78184477	97189918
1241527339	82706482	77266983
1241527339	82706482	73269276
1241527339	76021782	100466707
1241527339	77266983	73269276
1241527359	82706482	77266983
1241527359	82706482	73269276
1241527359	77266983	73269276
1241527379	82706482	77266983
1241527379	82706482	73269276
1241527379	77266983	73269276
1241527399	76021782	79167523
1241527399	76283945	79167523
1241527399	76283945	100466707
1241527399	82706482	77266983
1241527399	82706482	73269276
1241527399	84410402	100466707
1241527399	79167523	100466707
1241527399	77266983	73269276
1241527419	76283945	79167523
1241527419	76283945	84410402
1241527419	76283945	100466707
1241527419	82706482	73269276
1241527419	84410402	79167523
1241527419	84410402	100466707
1241527419	79167523	100466707
1241527419	77266983	73269276
1241527439	84410402	79167523
1241527439	84410402	76283945
1241527439	97189918	78184477
1241527439	76283945	79167523
1241527439	82706482	73269276
1241527459	78184477	97189918
1241527459	82706482	73269276
1241527479	78184477	97189918
1241527479	82706482	73269276
1241527479	77266983	73269276
1241527499	78184477	97189918
1241527499	82706482	77266983
1241527499	82706482	73269276
1241527499	77266983	73269276
1241527519	78184477	97189918
1241527519	77266983	73269276
1241527539	78184477	97189918
1241527539	77266983	73269276
1241527559	78184477	97189918
1241527559	78381091	87359509
1241527559	82706482	73269276
1241527579	78184477	97189918
1241527579	82706482	73269276
1241527599	78184477	97189918
1241527599	82706482	73269276
1241527619	77266983	82706482
1241527619	77266983	73269276
1241527619	78184477	97189918
1241527619	87359509	102498344
1241527639	106627094	82378779
1241527639	78184477	97189918
1241527639	82706482	77266983
1241527639	82706482	73269276
1241527659	106627094	82378779
1241527659	82706482	77266983
1241527659	82706482	73269276
1241527659	87359509	102498344
1241527679	78184477	97189918
1241527679	82378779	106627094
1241527699	82706482	77266983
1241527699	102498344	87359509
1241527719	77266983	82706482
1241527719	77266983	73269276
1241527719	82706482	73269276
1241527739	78381091	87359509
1241527739	82706482	73269276
1241527739	74776615	77266983
1241527739	77266983	73269276
1241527759	78184477	97189918
1241527759	82706482	73269276
1241527759	77266983	73269276
1241527779	82378779	78446618
1241527779	82706482	73269276
1241527779	77266983	73269276
1241527799	77266983	82706482
1241527799	77266983	73269276
1241527799	82706482	73269276
1241527819	77266983	73269276
1241527839	77266983	82706482
1241527839	77266983	73269276
1241527839	97189918	78184477
1241527839	82706482	73269276
1241527879	82706482	73269276
1241527899	77266983	82706482
1241527899	77266983	73269276
1241527899	78184477	97189918
1241527919	77266983	73269276
1241527919	77266983	74776615
1241527919	77266983	82706482
1241527919	103153684	97189918
1241527919	78184477	97189918
1241527919	82706482	73269276
1241527939	77266983	73269276
1241527939	97189918	78184477
1241527939	82706482	73269276
1241527959	77266983	73269276
1241527959	77266983	74776615
1241527959	77266983	82706482
1241527959	78381091	87359509
1241527959	82706482	73269276
1241527979	78381091	87359509
1241527979	82706482	77266983
1241527979	82706482	73269276
1241527979	82378779	106627094
1241527979	74776615	77266983
1241527979	73269276	77266983
1241527999	77266983	73269276
1241527999	77266983	82706482
1241527999	78184477	97189918
1241527999	82706482	73269276
1241527999	82378779	106627094
1241528019	73269276	82706482
1241528039	73269276	82706482
1241528039	78184477	97189918
1241528039	82378779	106627094
1241528059	77266983	82706482
1241528059	77266983	73269276
1241528059	77266983	74776615
1241528059	73269276	82706482
1241528059	87359509	102498344
1241528059	82378779	106627094
1241528059	97189918	78184477
1241528079	78184477	97189918
1241528079	82706482	77266983
1241528079	73269276	77266983
1241528079	77266983	74776615
1241528099	97189918	78184477
1241528119	73269276	82706482
1241528119	87359509	102498344
1241528119	97189918	78184477
1241528119	97189918	82706482
1241528139	78970918	77463586
1241528139	78184477	97189918
1241528139	78381091	78905364
1241528159	78184477	97189918
1241528159	82706482	73269276
1241528159	78381091	78905364
1241528179	78184477	97189918
1241528179	82706482	73269276
1241528179	78381091	78905364
1241528179	78905364	87359509
1241528199	77463586	78970918
1241528199	78184477	97189918
1241528199	78381091	87359509
1241528199	82706482	73269276
1241528199	102498344	87359509
1241528219	78184477	97189918
1241528219	78381091	78905364
1241528219	78381091	87359509
1241528219	77463586	78970918
1241528239	87359509	78905364
1241528239	87359509	78381091
1241528239	78184477	97189918
1241528239	82706482	73269276
1241528239	78970918	77463586
1241528259	78970918	77463586
1241528259	78381091	78905364
1241528259	78381091	87359509
1241528259	82706482	73269276
1241528259	78905364	87359509
1241528279	87359509	78381091
1241528279	82706482	73269276
1241528279	78381091	78905364
1241528279	78970918	77463586
1241528299	78381091	78905364
1241528299	78381091	87359509
1241528299	82706482	77266983
1241528299	82706482	73269276
1241528299	73269276	78970918
1241528319	87359509	78381091
1241528319	82706482	73269276
1241528319	73269276	77266983
1241528319	77266983	78970918
1241528339	78381091	87359509
1241528359	73269276	82706482
1241528359	78381091	87359509
1241528379	78970918	73269276
1241528379	78184477	97189918
1241528379	78381091	87359509
1241528399	78381091	87359509
1241528419	87359509	78381091
1241528419	82706482	73269276
1241528419	78970918	77463586
1241528439	78381091	87359509
1241528439	82706482	73269276
1241528459	82706482	73269276
1241528479	78970918	78446618
1241528479	78446618	78905364
1241528479	82706482	73269276
1241528539	87359509	78381091
1241528539	78905364	78970918
1241528559	78970918	78905364
1241528559	78381091	87359509
1241528559	78446618	78905364
1241528579	78381091	87359509
1241528599	103153684	78905364
1241528599	78381091	87359509
1241528619	78381091	87359509
1241528639	87359509	78381091
1241528659	78381091	87359509
1241528679	78970918	77463586
1241528679	78184478	97189919
1241528699	87359509	78381091
1241528719	78381091	87359509
1241528739	78381091	87359509
1241528739	87359509	102498344
1241528759	103153684	78446618
1241528759	78184478	97189919
1241528779	78184478	97189919
1241528799	78970918	77463586
1241528799	78184478	97189919
1241528819	78184478	97189919
1241528819	78381091	102498344
1241528819	78905364	78970918
1241528839	78184478	97189919
1241528899	104923180	95158304
1241528919	78381091	102498344
1241528919	78381091	87359509
1241528939	104923180	95158304
1241528939	87359509	102498344
1241528959	104923180	95158304
1241528959	103153684	78446618
1241528959	78184478	97189919
1241528959	102498344	87359509
1241528979	103153684	78446618
1241528979	78184478	97189919
1241528979	78381091	102498344
1241528979	78381091	87359509
1241528979	87359509	102498344
1241528999	78184478	97189919
1241529019	78184478	97189919
1241529019	78381091	87359509
1241529039	104923180	95158304
1241529039	78184478	97189919
1241529039	78381091	87359509
1241529059	104923180	95158304
1241529059	97189919	78184478
1241529079	104923180	95158304
1241529079	103153684	78446618
1241529119	97189919	78184478
1241529139	104923180	95158304
1241529139	97189919	78184478
1241529159	104923180	95158304
1241529159	97189919	78184478
1241529179	104923180	95158304
1241529179	97189919	78184478
1241529199	104923180	95158304
1241529199	103153684	97189919
1241529199	78184478	97189919
1241529239	104923180	95158304
1241529239	102498344	87359509
1241529259	104923180	95158304
1241529279	78381091	102498344
1241529279	97189919	78184478
1241529299	104923180	95158304
1241529299	78381091	102498344
1241529319	104923180	95158304
1241529339	104923180	95158304
1241529359	104923180	95158304
1241529359	78381091	102498344
1241529359	78381091	87359509
1241529359	87359509	102498344
1241529379	104923180	95158304
1241529379	97189919	78184478
1241529379	102498344	87359509
1241529399	104923180	95158304
1241529399	78184478	97189919
1241529399	78381091	102498344
1241529419	104923180	95158304
1241529439	104923180	95158304
1241529439	78381091	87359509
1241529459	104923180	95158304
1241529459	78381091	87359509
1241529459	87359509	102498344
1241529479	104923180	95158304
1241529499	104923180	95158304
1241529499	78381091	87359509
1241529499	87359509	102498344
1241529519	104923180	95158304
1241529519	87359509	102498344
1241529539	104923180	95158304
1241529539	78381091	87359509
1241529559	104923180	95158304
1241529559	78381091	102498344
1241529559	78381091	87359509
1241529559	87359509	102498344
1241529579	104923180	95158304
1241529579	78381091	102498344
1241529599	104923180	95158304
1241529599	78381091	102498344
1241529599	78381091	87359509
1241529599	102498344	87359509
1241529619	104923180	95158304
1241529619	78381091	102498344
1241529719	104923180	95158304
1241529839	104923180	95158304
1241529839	104267814	73269277
1241529859	104923180	95158304
1241529859	104267814	73269277
1241529879	104923180	95158304
1241529939	104923180	95158304
1241529959	78446619	78905365
1241529979	78446619	78905365
1241529999	104923180	95158304
1241530039	104923180	95158304
1241530059	78446619	78905365
1241530079	78446619	78905365
1241530099	78446619	78905365
1241530099	78905365	73269277
1241530099	104267814	73269277
1241530119	104267814	73269277
1241530139	78446619	78905365
1241530139	104267814	73269277
1241530159	78446619	78905365
1241530159	104267814	73269277
1241530179	78446619	78905365
1241530199	78446619	78905365
1241530219	78446619	78905365
1241530239	78446619	78905365
1241530259	78446619	78905365
1241530279	104267814	73269277
1241530319	78446619	78905365
1241530339	78446619	78905365
1241530359	78446619	78905365
1241530379	104923180	95158304
1241530379	78446619	78905365
1241530399	78446619	78905365
1241530399	104267814	73269277
1241530459	78446619	78905365
1241530479	78446619	78905365
1241530499	104923180	95158304
1241530499	78446619	78905365
1241530499	104267814	73269277
1241530519	104923180	95158304
1241530519	78446619	78905365
1241530519	104267814	73269277
1241530539	78446619	78905365
1241530559	78446619	78905365
1241530579	78446619	78905365
1241530599	78446619	78905365
1241530599	104267814	73269277
1241530619	78446619	78905365
1241530639	78446619	78905365
1241530639	104267814	73269277
1241530659	78446619	78905365
1241530659	104267814	73269277
1241530679	78446619	78905365
1241530699	78446619	78905365
1241530719	78446619	78905365
1241530739	78446619	78905365
1241530759	78446619	78905365
1241530759	104267814	73269277
1241530779	104267814	73269277
1241530799	101187626	74776615
1241530799	78446619	78905365
1241530839	101187626	82706483
1241530839	104267814	73269277
1241530859	101187626	82706483
1241530859	78446619	78905365
1241530879	101187626	82706483
1241530879	78446619	78905365
1241530899	104267814	73269277
1241530919	101187626	82706483
1241530919	78446619	78905365
1241530919	104267814	73269277
1241530939	104923180	95158304
1241530939	78446619	78905365
1241530939	104267814	73269277
1241530959	103153684	78905365
1241530959	103153684	78446619
1241530959	103153684	104267814
1241530959	78446619	78905365
1241530959	104267814	73269277
1241530979	104923180	95158304
1241530979	103153684	77266984
1241530979	104267814	73269277
1241530999	101187626	82706483
1241530999	78446619	78905365
1241530999	104267814	73269277
1241531019	104923180	95158304
1241531019	78446619	78905365
1241531019	104267814	73269277
1241531039	104923180	95158304
1241531039	78446619	78905365
1241531059	104923180	95158304
1241531059	78446619	78905365
1241531059	104267814	73269277
1241531079	104923180	95158304
1241531079	103153684	101187626
1241531079	101187626	82706483
1241531079	78446619	78905365
1241531079	104267814	73269277
1241531099	104923180	95158304
1241531099	103153684	82706483
1241531099	78446619	78905365
1241531119	104923180	95158304
1241531119	78446619	78905365
1241531139	104923180	95158304
1241531139	78446619	78905365
1241531139	104267814	73269277
1241531159	104923180	95158304
1241531159	104267814	73269277
1241531179	104267814	73269277
1241531199	104267814	73269277
1241531219	82378780	78970919
1241531219	78446619	78905365
1241531219	104267814	73269277
1241531239	99352591	78970919
1241531239	104267814	78446619
1241531239	104267814	73269277
1241531239	78970919	82378780
1241531259	101187626	82706483
1241531259	78446619	104267814
1241531259	104267814	73269277
1241531279	78446619	78905365
1241531279	104267814	73269277
1241531299	82378780	78970919
1241531299	78446619	78905365
1241531299	99352591	78970919
1241531319	82378780	99352591
1241531319	82378780	78970919
1241531319	101187626	82706483
1241531319	99352591	78970919
1241531319	78446619	78905365
1241531339	104923180	95158304
1241531339	106627095	78970919
1241531339	82378780	99352591
1241531339	82378780	78970919
1241531339	78446619	78905365
1241531339	104267814	73269277
1241531359	78446619	78905365
1241531379	99352591	82378780
1241531379	78446619	78905365
1241531379	78970919	82378780
1241531399	104267814	73269277
1241531399	78446619	78905365
1241531399	78970919	82378780
1241531419	78446619	78905365
1241531419	78970919	82378780
1241531439	82378780	99352591
1241531439	78446619	78905365
1241531439	104267814	73269277
1241531459	104267814	73269277
1241531459	78446619	78905365
1241531479	78446619	78905365
1241531479	104267814	73269277
1241531499	101187626	82706483
1241531499	104267814	73269277
1241531499	78446619	78905365
1241531519	104923180	77266984
1241531519	99352591	82378780
1241531519	104267814	73269277
1241531519	78446619	78905365
1241531519	78970919	82378780
1241531539	104923180	77266984
1241531539	104923180	95158304
1241531539	82378780	99352591
1241531539	99352591	78970919
1241531539	78446619	78905365
1241531559	104923180	95158304
1241531559	106627095	78905365
1241531559	99352591	82378780
1241531559	78446619	78905365
1241531559	78970919	82378780
1241531579	104923180	95158304
1241531579	82378780	99352591
1241531579	99352591	78970919
1241531579	78446619	78905365
1241531599	104923180	95158304
1241531599	78970919	99352591
1241531599	82378780	99352591
1241531599	78446619	78905365
1241531619	104923180	95158304
1241531619	99352591	82378780
1241531619	99352591	78970919
1241531619	78446619	78905365
1241531619	82378780	78970919
1241531639	78446619	78905365
1241531659	99352591	78970919
1241531659	78446619	78905365
1241531659	104267814	73269277
1241531679	104923180	95158304
1241531679	78446619	78905365
1241531699	82378780	78970919
1241531719	104923180	95158304
1241531719	99352591	82378780
1241531719	99352591	78970919
1241531719	104267814	73269277
1241531719	82378780	78970919
1241531739	104923180	74776615
1241531739	99352591	78970919
1241531739	104267814	73269277
1241531759	82378780	99352591
1241531779	82378780	99352591
1241531779	82378780	78970919
1241531779	99352591	78970919
1241531779	104267814	73269277
1241531799	82378780	99352591
1241531799	82378780	78970919
1241531799	99352591	78970919
1241531819	82378780	99352591
1241531819	82378780	78970919
1241531819	104267814	73269277
1241531839	82378780	99352591
1241531839	99352591	78970919
1241531839	104267814	73269277
1241531859	99352591	78970919
1241531859	78446619	78905365
1241531859	104267814	73269277
1241531879	78446619	78905365
1241531899	73269277	74776615
1241531899	73269277	104267814
1241531899	82378780	78970919
1241531899	99352591	78970919
1241531899	78446619	78905365
1241531919	99352591	82378780
1241531919	99352591	78970919
1241531919	78446619	78905365
1241531919	78970919	82378780
1241531939	82378780	78970919
1241531939	99352591	78970919
1241531939	84475938	77463587
1241531959	90636315	87228456
1241531959	84475938	77463587
1241531979	90636315	87228456
1241531979	99352591	78905365
1241531979	87228456	84475938
1241531999	90636315	84475938
1241531999	90636315	87228456
1241531999	87228456	84475938
1241532019	90636315	87228456
1241532019	78446619	78905365
1241532039	90636315	87228456
1241532039	84475938	77463587
1241532039	78446619	78905365
1241532039	103874595	104333334
1241532059	90636315	87228456
1241532059	84475938	77463587
1241532059	78970919	82378780
1241532079	90636315	87228456
1241532099	90636315	87228456
1241532099	84475938	77463587
1241532099	78446619	78905365
1241532119	78446619	78905365
1241532119	103874595	104333334
1241532139	90636315	87228456
1241532139	82378780	84475938
1241532139	78446619	78905365
1241532139	103874595	104333334
1241532159	90636315	87228456
1241532159	78446619	78905365
1241532159	103874595	104333334
1241532179	90636315	87228456
1241532179	78446619	78905365
1241532179	84475938	77463587
1241532199	90636315	87228456
1241532199	82378780	99352591
1241532199	99352591	78970919
1241532199	78446619	78905365
1241532219	90636315	87228456
1241532219	84475938	77463587
1241532219	99352591	78970919
1241532219	78446619	78905365
1241532219	103874595	104333334
1241532239	90636315	87228456
1241532239	82378780	78970919
1241532239	78446619	78905365
1241532239	103874595	104333334
1241532239	84475938	77463587
1241532259	90636315	87228456
1241532259	78446619	78905365
1241532279	90636315	87228456
1241532279	84475938	77463587
1241532279	78446619	78905365
1241532299	90636315	87228456
1241532299	82378780	78970919
1241532319	90636315	87228456
1241532319	78446619	78905365
1241532319	84475938	77463587
1241532339	90636315	87228456
1241532339	84475938	77463587
1241532339	78446619	78905365
1241532359	82378780	78446619
1241532359	78446619	78905365
1241532359	84475938	77463587
1241532379	78446619	78905365
1241532399	78446619	78905365
1241532439	78446619	78905365
1241532439	103874595	104333334
1241532459	84475938	77463587
1241532459	78446619	78905365
1241532459	103874595	104333334
1241532479	78446619	78905365
1241532499	78446619	78905365
1241532499	78970919	82378780
1241532519	78446619	78905365
1241532539	84475938	77463587
1241532539	103874595	104333334
1241532559	78446619	78905365
1241532559	84475938	77463587
1241532579	101187626	82706483
1241532579	84475938	77463587
1241532579	78446619	78905365
1241532579	103874595	104333334
1241532599	101187626	82706483
1241532599	78446619	78905365
1241532599	103874595	104333334
1241532619	78446619	78905365
1241532679	78446619	78905365
1241532699	78446619	78905365
1241532719	103874595	104333334
1241532759	78446619	78905365
1241532779	78446619	78905365
1241532799	78446619	78905365
1241532819	78446619	78905365
1241532819	78905365	104333334
1241532839	101187626	82706483
1241532839	78446619	78905365
1241532859	101187626	82706483
1241532859	78446619	78905365
1241532879	78446619	78905365
1241532899	78446619	78905365
1241532919	78446619	78905365
1241532919	103874595	104333334
1241532939	79757335	80019485
1241532939	103874595	104333334
1241532959	103874595	104333334
1241532979	79757335	80019485
1241532979	101187626	82706483
1241532999	79757335	80019485
1241533019	103874595	104333334
1241533039	79757335	80019485
1241533059	79757335	80019485
1241533079	79757335	80019485
1241533099	79757335	80019485
1241533119	79757335	80019485
1241533139	79757335	80019485
1241533159	79757335	80019485
1241533179	79757335	80019485
1241533219	79757335	80019485
1241533239	79757335	104333334
1241533239	79757335	80019485
1241533239	80019485	104333334
1241533259	79757335	104333334
1241533259	79757335	80019485
1241533319	79757335	80019485
1241533339	79757335	80019485
1241533359	79757335	80019485
1241533419	90505253	98631704
1241533419	90505253	82444330
1241533419	98631704	82444330
1241533439	98631704	101842974
1241533439	98631704	82444330
1241533439	98631704	90505253
1241533439	90505253	101842974
1241533439	90505253	82444330
1241533439	82444330	101842974
1241533459	90505253	98631704
1241533459	90505253	82444330
1241533459	98631704	82444330
1241533459	98631704	101842974
1241533459	82444330	101842974
1241533479	90505253	101842974
1241533479	90505253	82444330
1241533479	79757335	80019485
1241533479	82444330	101842974
1241533499	79757335	80019485
1241533499	90505253	98631704
1241533499	90505253	82444330
1241533499	98631704	82444330
1241533519	98631704	82444330
1241533519	98631704	90505253
1241533519	90505253	82444330
1241533519	79757335	80019485
1241533539	98631704	82444330
1241533539	98631704	90505253
1241533539	80019485	79757335
1241533539	82444330	90505253
1241533559	79757335	80019485
1241533559	90505253	82444330
1241533559	98631704	82444330
1241533579	98631704	82444330
1241533579	80019485	79757335
1241533579	82444330	90505253
1241533599	79757335	80019485
1241533599	98631704	82444330
1241533599	82444330	90505253
1241533619	82444330	101842974
1241533619	82444330	90505253
1241533639	98631704	82444330
1241533639	82444330	101842974
1241533659	82444330	101842974
1241533679	79757335	80019485
1241533679	90505253	98631704
1241533699	80019485	79757335
1241533699	90505253	82444330
1241533719	80019485	79757335
1241533739	82444330	90505253
1241533759	98631704	90505253
1241533779	79757335	80019485
1241533779	90505253	98631704
1241533779	80412704	100335654
1241533799	79757335	80019485
1241533799	90505253	98631704
1241533799	80412704	100335654
1241533819	100335654	80412704
1241533819	82378780	102694947
1241533819	82444330	90505253
1241533839	98631704	90505253
1241533839	100335654	80412704
1241533839	80019485	79757335
1241533839	82378780	102694947
1241533859	98631704	82444330
1241533859	82378780	102694947
1241533859	82444330	90505253
1241533879	98631704	82444330
1241533879	100335654	80412704
1241533879	80019485	79757335
1241533879	101187626	82706483
1241533879	82378780	102694947
1241533879	82444330	90505253
1241533899	82378780	102694947
1241533899	101842974	90505253
1241533919	79757335	80019485
1241533919	100335654	80412704
1241533919	82378780	102694947
1241533919	101842974	90505253
1241533939	100335654	80412704
1241533939	101187626	82706483
1241533939	82378780	102694947
1241533959	98631704	82444330
1241533959	82378780	102694947
1241533979	100335654	80412704
1241533979	82378780	102694947
1241533999	79757335	80019485
1241533999	98631704	82444330
1241533999	82378780	102694947
1241533999	80412704	101842974
1241533999	80412704	100335654
1241534019	79757335	80412704
1241534019	79757335	80019485
1241534019	98631704	82444330
1241534019	82378780	102694947
1241534039	98631704	82444330
1241534039	98631704	101842974
1241534039	100335654	79757335
1241534039	82378780	102694947
1241534039	86573086	75104292
1241534059	98631704	82444330
1241534059	98631704	101842974
1241534059	82378780	102694947
1241534059	82444330	101842974
1241534059	80412704	100335654
1241534059	86573086	75104292
1241534079	98631704	82444330
1241534079	98631704	101842974
1241534079	98631704	90505253
1241534079	100335654	80412704
1241534079	80019485	79757335
1241534079	79757335	86573086
1241534079	101187626	86573086
1241534079	101187626	82706483
1241534079	86573086	75104292
1241534079	82444330	90505253
1241534079	101842974	90505253
1241534079	82378780	102694947
1241534099	79757335	83034148
1241534099	79757335	80019485
1241534099	98631704	82444330
1241534099	98631704	90505253
1241534099	101187626	82706483
1241534099	82378780	102694947
1241534099	82444330	90505253
1241534099	86573086	75104292
1241534119	98631704	82444330
1241534119	80019485	101187626
1241534119	80019485	83034148
1241534119	80019485	82706483
1241534119	101187626	83034148
1241534119	101187626	82706483
1241534119	82378780	102694947
1241534119	82444330	101842974
1241534119	82444330	90505253
1241534119	82706483	83034148
1241534119	86573086	75104292
1241534139	98631704	82444330
1241534139	98631704	101842974
1241534139	98631704	90505253
1241534139	80019485	101187626
1241534139	80019485	82706483
1241534139	101187626	83034148
1241534139	101187626	82706483
1241534139	82444330	101842974
1241534139	82444330	90505253
1241534139	80412704	100335654
1241534139	82706483	83034148
1241534139	82378780	102694947
1241534159	98631704	82444330
1241534159	98631704	101842974
1241534159	98631704	90505253
1241534159	100335654	80412704
1241534159	90505253	82444330
1241534159	82444330	101842974
1241534159	82378780	102694947
1241534179	98631704	82444330
1241534179	98631704	101842974
1241534179	90505253	82444330
1241534179	82444330	101842974
1241534179	80412704	100335654
1241534179	86573086	75104292
1241534199	98631704	82444330
1241534199	98631704	90505253
1241534199	100335654	80412704
1241534199	90505253	82444330
1241534199	86573086	75104292
1241534219	98631704	82444330
1241534219	86573086	75104292
1241534219	82378780	102694947
1241534239	98631704	101842974
1241534239	98631704	82444330
1241534239	98631704	90505253
1241534239	90505253	82444330
1241534239	90505253	101842974
1241534239	82444330	101842974
1241534239	82378780	102694947
1241534259	98631704	82444330
1241534259	98631704	101842974
1241534259	98631704	90505253
1241534259	90505253	101842974
1241534259	90505253	82444330
1241534259	82444330	101842974
1241534259	80412704	100335654
1241534279	98631704	99680292
1241534279	98631704	82444330
1241534279	98631704	101842974
1241534279	98631704	90505253
1241534279	90505253	82444330
1241534279	90505253	101842974
1241534279	82378780	102694947
1241534279	82444330	101842974
1241534279	82444330	99680292
1241534279	80412704	100335654
1241534279	99680292	101842974
1241534299	98631704	99680292
1241534299	98631704	82444330
1241534299	98631704	101842974
1241534299	98631704	90505253
1241534299	90505253	82444330
1241534299	90505253	101842974
1241534299	90505253	99680292
1241534299	82444330	101842974
1241534299	82444330	99680292
1241534299	80412704	100335654
1241534299	99680292	101842974
1241534319	98631704	82444330
1241534319	98631704	90505253
1241534319	90505253	82444330
1241534319	80412704	100335654
1241534339	98631704	82444330
1241534339	104529954	83558418
1241534339	82378780	99680292
1241534339	80412704	100335654
1241534339	86573086	75104292
1241534359	90505253	82444330
1241534359	90505253	83558418
1241534359	86573086	75104292
1241534359	82444330	104136729
1241534359	80412704	100335654
1241534359	83558418	104136729
1241534359	82378780	102694947
1241534379	90505253	104529954
1241534379	82378780	102694947
1241534399	98631704	82444330
1241534399	98631704	90505253
1241534399	80412704	100335654
1241534419	73596961	104529954
1241534419	86573086	75104292
1241534419	80412704	100335654
1241534439	86573086	75104292
1241534439	80412704	100335654
1241534439	73596961	104529954
1241534459	73596961	83558418
1241534459	86573086	75104292
1241534479	104529954	73596961
1241534479	86573086	75104292
1241534479	80412704	100335654
1241534499	73596961	104529954
1241534499	86573086	75104292
1241534499	80412704	100335654
1241534499	83558418	104529954
1241534519	73596961	104529954
1241534519	83558418	104529954
1241534539	104529954	73596961
1241534539	73596961	83558418
1241534539	80412704	100335654
1241534539	104136729	83558418
1241534559	104529954	73596961
1241534559	73596961	83558418
1241534559	86573086	75104292
1241534559	104136729	83558418
1241534579	73596961	104529954
1241534579	86573086	75104292
1241534579	104136729	83558418
1241534599	73596961	104529954
1241534599	86573086	75104292
1241534599	80412704	100335654
1241534619	104529954	73596961
1241534619	80412704	100335654
1241534619	104136729	83558418
1241534639	80412704	100335654
1241534639	83558418	104529954
1241534659	80412704	100335654
1241534679	104529954	73596961
1241534679	80412704	100335654
1241534739	104529954	73596961
1241534739	86573086	75104292
1241534739	104136729	83558418
1241534759	104529954	73596961
1241534779	80412704	100335654
1241534779	73596961	104529954
1241534799	80412704	100335654
1241534799	75104292	100335654
1241534819	104529954	73596961
1241534819	86573086	75104292
1241534819	86573086	100335654
1241534819	80412704	100335654
1241534839	86573086	75104292
1241534839	73596961	104529954
1241534859	73596961	104529954
1241534859	86573086	75104292
1241534859	80412704	75104292
1241534859	99680292	104529954
1241534879	86573086	75104292
1241534879	73596961	104529954
1241534899	73596961	104529954
1241534919	104529954	73596961
1241534939	86573086	75104292
1241534959	73596961	104529954
1241534959	86573086	75104292
1241534959	80412704	100335654
1241534979	73596961	83558418
1241534979	86573086	75104292
1241534979	80412704	100335654
1241534999	73596961	104529954
1241534999	80412704	100335654
1241535019	80412704	100335654
1241535039	86573086	75104292
1241535059	86573086	75104292
1241535079	86573086	75104292
1241535099	104529954	73596961
1241535099	86573086	75104292
1241535099	80412704	100335654
1241535119	86573086	75104292
1241535119	80412704	100335654
1241535139	73596961	104529954
1241535139	86573086	75104292
1241535139	80412704	100335654
1241535139	83558418	104529954
1241535159	104529954	73596961
1241535159	86573086	75104292
1241535159	80412704	100335654
1241535179	73596961	104529954
1241535179	80412704	100335654
1241535199	73596961	104529954
1241535199	80412704	100335654
1241535219	104529954	73596961
1241535219	86573086	75104292
1241535219	80412704	100335654
1241535239	86573086	75104292
1241535239	80412704	100335654
1241535239	73596961	104529954
1241535259	86573086	75104292
1241535279	73596961	104529954
1241535279	86573086	75104292
1241535299	86573086	75104292
1241535319	86573086	75104292
1241535339	73596961	104529954
1241535359	104529954	73596961
1241535359	104529954	83558418
1241535359	73596961	83558418
1241535399	104529954	73596961
1241535419	73596961	104529954
1241535439	73596961	104529954
1241535459	104529954	73596961
1241535499	104529954	83558418
1241535519	104529954	83558418
1241535559	104136729	83558418
1241535579	73596961	104529954
1241535579	73596961	83558418
1241535579	104136729	83558418
1241535599	73596961	104529954
1241535599	73596961	83558418
1241535639	104529954	73596961
1241535719	104529954	73596961
1241535719	73596961	83558418
1241535739	73596961	104529954
1241535799	73596961	104529954
1241535819	73596961	104529954
1241535839	73596961	104529954
1241535859	104529954	73596961
1241535879	104136729	83558418
1241535899	73596961	104529954
1241535899	83558418	104529954
1241535919	104529954	73596961
1241535939	73596961	104529954
1241535959	104529954	73596961
1241535979	104529954	73596961
1241535979	73596961	83558418
1241535999	104529954	73596961
1241535999	104529954	83558418
1241535999	73596961	83558418
1241536019	104529954	73596961
1241536019	104529954	83558418
1241536019	73596961	83558418
1241536039	104529954	73596961
1241536059	104529954	73596961
1241536059	104136729	83558418
1241536079	104529954	73596961
1241536099	73596961	104529954
1241536099	104136729	83558418
1241536119	104529954	73596961
1241536239	104136729	83558418
1241536279	104136729	83558418
1241536359	73596961	104529954
1241536379	104529954	73596961
1241536399	73596961	104529954
1241536419	73596961	104529954
1241536439	104136729	83558418
1241536459	104529954	73596961
1241536479	104136729	83558418
1241536519	104529954	73596961
1241536539	104529954	73596961
1241536539	73596961	83558418
1241536559	73596961	104529954
1241536579	104529954	73596961
1241536579	104136729	83558418
1241536599	104529954	73596961
1241536619	104529954	73596961
1241536639	73596961	104529954
1241536659	104529954	73596961
1241536679	104529954	73596961
1241536699	104529954	73596961
1241536719	104529954	73596961
1241536739	104529954	73596961
1241536759	104529954	73596961
1241536779	104529954	73596961
1241536799	104529954	73596961
1241536799	104136729	83558418
1241536819	104529954	73596961
1241536839	73596961	104529954
1241536859	104529954	73596961
1241536879	104529954	73596961
1241536899	73596961	104529954
1241536979	104529954	73596961
1241536979	104136729	83558418
1241536999	73596961	104529954
1241537019	83558418	73596961
1241537019	73596961	104529954
1241537039	104529954	73596961
1241537119	73596961	104529954
1241537139	83558418	73596961
1241537139	83558418	104529954
1241537139	83558418	104136729
1241537139	73596961	104529954
1241537139	104136729	104529954
1241537159	73596961	83558418
1241537159	104136729	83558418
1241537219	100597786	74317852
1241537239	96141337	74317852
1241537239	100597786	74317852
1241537259	100597786	96141337
1241537259	100597786	74317852
1241537259	96141337	74317852
1241537279	96141337	100597786
1241537279	100597786	74317852
1241537339	100597786	96141337
1241537339	100597786	74317852
1241537359	74317852	100597786
1241537399	96141337	100597786
1241537419	100597786	74317852
1241537439	100597786	74317852
1241537459	100597786	74317852
1241538059	100597786	74317852
1241538079	96141337	100597786
1241538099	96141337	74317852
1241538099	96141337	100597786
1241538119	96141337	74317852
1241538119	96141337	100597786
1241538139	96141337	74317852
1241538139	96141337	100597786
1241538159	96141337	74317852
1241538159	96141337	100597786
1241538179	96141337	74317852
1241538179	96141337	100597786
1241538199	96141337	74317852
1241538199	96141337	100597786
1241538219	96141337	74317852
1241538219	96141337	100597786
1241538219	100597786	74317852
1241538239	96141337	74317852
1241538239	96141337	100597786
1241538259	96141337	74317852
1241538259	96141337	100597786
1241538279	96141337	74317852
1241538279	96141337	100597786
1241538319	96141337	74317852
1241538319	100597786	74317852
1241538339	96141337	74317852
1241538339	96141337	100597786
1241538339	100597786	74317852
1241538359	96141337	74317852
1241538359	96141337	100597786
1241538379	100597786	74317852
1241538399	96141337	74317852
1241538399	96141337	100597786
1241538399	74317852	100597786
1241538419	96141337	74317852
1241538419	96141337	100597786
1241538419	74317852	100597786
1241538439	96141337	74317852
1241538439	96141337	100597786
1241538439	100597786	74317852
1241538459	74317852	96141337
1241538459	74317852	100597786
1241538459	100597786	96141337
1241538479	100597786	96141337
1241538559	100597786	74317852
1241538579	100597786	74317852
1241538599	74317852	96141337
1241538599	96141337	100597786
1241538659	74317852	100597786
1241538659	100597786	96141337
1241538679	74317852	96141337
1241538679	74317852	100597786
1241538679	96141337	100597786
1241538699	100597786	96141337
1241538699	100597786	74317852
1241538699	96141337	74317852
1241538719	74317852	100597786
1241538719	96141337	100597786
1241538759	74317852	100597786
1241538759	100597786	96141337
1241538779	74317852	96141337
1241538779	74317852	100597786
1241538779	100597786	96141337
1241538799	74317852	96141337
1241538799	74317852	100597786
1241538839	74317852	100597786
1241538839	96141337	100597786
1241538859	74317852	96141337
1241538859	74317852	100597786
1241538859	84410403	78970920
1241538859	96141337	100597786
1241538879	84410403	78970920
1241538879	74317852	96141337
1241538879	74317852	100597786
1241538879	100597786	96141337
1241538939	74317852	100597786
1241538959	100597786	96141337
1241538979	74317852	100597786
1241539079	74317852	100597786
1241539099	74317852	100597786
1241539179	74317852	100597786
1241539199	74317852	100597786
1241539219	74317852	100597786
1241539239	74317852	100597786
1241539239	96141337	100597786
1241539259	74317852	100597786
1241539259	100597786	96141337
1241539279	100597786	96141337
1241539299	96141337	100597786
1241539319	74317852	100597786
1241539339	74317852	100597786
1241539359	100597786	96141337
1241539379	74317852	100597786
1241539379	100597786	96141337
1241539399	90505254	78446620
1241539399	74317852	100597786
1241539399	100597786	96141337
1241539419	74317852	100597786
1241539439	90505254	78446620
1241539439	74317852	100597786
1241539439	100597786	96141337
1241539459	90505254	78446620
1241539479	90505254	78446620
1241539479	74317852	100597786
1241539479	100597786	96141337
1241539499	74317852	100597786
1241539499	96141337	100597786
1241539519	74317852	100597786
1241539539	77266985	78905366
1241539559	96141337	100597786
1241539559	74317852	100597786
1241539559	78905366	77266985
1241539579	77266985	78905366
1241539579	74317852	100597786
1241539579	100597786	96141337
1241539599	74317852	100597786
1241539599	78905366	77266985
1241539619	77266985	78905366
1241539619	90505254	78446620
1241539639	90505254	78446620
1241539659	90505254	78446620
1241539679	90505254	78446620
1241539679	74317852	100597786
1241539699	96141337	74317852
1241539699	96141337	100597786
1241539719	74317852	100597786
1241539739	90505254	78446620
1241539739	74317852	100597786
1241539739	78905366	77266985
1241539759	96141337	74317852
1241539759	96141337	100597786
1241539759	90505254	78446620
1241539759	74317852	100597786
1241539779	96141337	74317852
1241539779	96141337	100597786
1241539779	90505254	78446620
1241539779	74317852	100597786
1241539779	78905366	77266985
1241539799	96141337	74317852
1241539799	96141337	100597786
1241539799	90505254	78446620
1241539799	74317852	100597786
1241539819	74317852	96141337
1241539819	74317852	100597786
1241539819	100597786	96141337
1241539839	90505254	78446620
1241539839	74317852	96141337
1241539839	74317852	100597786
1241539839	100597786	96141337
1241539859	74317852	96141337
1241539859	74317852	100597786
1241539859	96141337	100597786
1241539879	90505254	78446620
1241539879	74317852	96141337
1241539879	74317852	100597786
1241539879	100597786	96141337
1241539899	74317852	100597786
1241539899	96141337	100597786
1241539919	86573087	80412705
1241539919	74317852	96141337
1241539939	86573087	80412705
1241539959	86573087	80412705
1241539979	86573087	80412705
1241539999	86573087	80412705
1241539999	78905366	77266985
1241540039	86573087	80412705
1241540039	78905366	77266985
1241540079	86573087	80412705
1241540099	86573087	80412705
1241540119	90505254	78446620
1241540119	86573087	80412705
1241540139	86573087	80412705
1241540139	78905366	77266985
1241540139	78970920	77266985
1241540159	86573087	80412705
1241540159	78970920	77266985
1241540179	90505254	78446620
1241540179	86573087	80412705
1241540179	78970920	77266985
1241540199	77266985	78970920
1241540199	86573087	80412705
1241540199	78905366	78970920
1241540219	77266985	78905366
1241540219	86573087	80412705
1241540239	90505254	78446620
1241540239	86573087	80412705
1241540259	90505254	80412705
1241540259	86573087	80412705
1241540259	86573087	78446620
1241540259	80412705	78446620
1241540279	90505254	78446620
1241540279	86573087	80412705
1241540299	86573087	80412705
1241540299	78905366	77266985
1241540319	90505254	78446620
1241540319	86573087	80412705
1241540339	77266985	78905366
1241540339	86573087	80412705
1241540359	77266985	78905366
1241540359	86573087	80412705
1241540379	77266985	78905366
1241540379	86573087	80412705
1241540399	77266985	78905366
1241540399	86573087	80412705
1241540419	77266985	78905366
1241540419	86573087	80412705
1241540439	86573087	80412705
1241540439	78905366	77266985
1241540459	77266985	78905366
1241540459	86573087	80412705
1241540479	86573087	80412705
1241540479	78905366	77266985
1241540499	77266985	78905366
1241540499	86573087	80412705
1241540519	77266985	78905366
1241540519	86573087	80412705
1241540559	77266985	78905366
1241540579	77266985	78905366
1241540579	86573087	80412705
1241540599	78905366	77266985
1241540659	77266985	78905366
1241540679	86573087	80412705
1241540699	86573087	80412705
1241540719	86573087	80412705
1241540739	86573087	80412705
1241540759	77266985	78905366
1241540759	86573087	80412705
1241540779	77266985	78905366
1241540779	86573087	80412705
1241540799	77266985	78905366
1241540819	77266985	78905366
1241540839	86573087	80412705
1241540859	77266985	78905366
1241540859	86573087	80412705
1241540879	86573087	80412705
1241540899	86573087	80412705
1241540919	86573087	80412705
1241540939	86573087	80412705
1241540959	86573087	80412705
1241540979	86573087	80412705
1241540999	86573087	80412705
1241541019	86573087	80412705
1241541039	86573087	80412705
1241541099	86573087	80412705
1241541119	86573087	80412705
1241541139	77266985	78905366
1241541139	86573087	75104293
1241541139	86573087	80412705
1241541159	86573087	80412705
1241541179	86573087	80412705
1241541199	86573087	80412705
1241541219	77266985	78905366
1241541299	78905366	77266985
1241541299	78905366	78970920
1241541319	77266985	78905366
1241541319	86573087	80412705
1241541359	77266985	86573087
1241541359	86573087	80412705
1241541379	77266985	86573087
1241541379	77266985	78905366
1241541379	86573087	78905366
1241541439	77266985	86573087
1241541459	86573087	77266985
1241541479	86573087	78905366
1241541539	78905366	77266985
1241541559	86573087	80412705
1241541579	86573087	80412705
1241541599	86573087	80412705
1241541619	80412705	77266985
1241541639	80412705	77266985
1241541659	77266985	80412705
1241541679	77266985	80412705
1241541679	86573087	80412705
1241541699	77266985	80412705
1241541699	86573087	80412705
1241541719	86573087	80412705
1241541739	86573087	80412705
1241541759	77266985	80412705
1241541759	86573087	80412705
1241541779	86573087	80412705
1241541799	86573087	80412705
1241541819	78905366	77266985
1241541859	86573087	80412705
1241541859	78905366	77266985
1241541879	86573087	80412705
1241541899	77266985	78905366
1241541899	86573087	80412705
1241541919	86573087	80412705
1241542019	77266985	78905366
1241542059	86573087	80412705
1241542079	86573087	80412705
1241542099	86573087	80412705
1241542099	78905366	77266985
1241542119	98631705	78970920
1241542139	98631705	78970920
1241542139	86573087	80412705
1241542159	86573087	80412705
1241542179	98631705	78970920
1241542179	86573087	80412705
1241542199	98631705	78970920
1241542199	86573087	80412705
1241542219	86573087	80412705
1241542239	86573087	80412705
1241542259	86573087	80412705
1241542279	86573087	80412705
1241542299	77266985	78905366
1241542299	86573087	80412705
1241542319	86573087	80412705
1241542339	77266985	80412705
1241542339	77266985	78905366
1241542339	86573087	80412705
1241542339	80412705	78970920
1241542359	77266985	80412705
1241542379	77266985	86573087
1241542379	77266985	80412705
1241542379	77266985	78905366
1241542379	86573087	80412705
1241542399	77266985	86573087
1241542399	77266985	80412705
1241542399	77266985	78905366
1241542399	86573087	80412705
1241542419	86573087	80412705
1241542439	86573087	80412705
1241542459	86573087	80412705
1241542459	78905366	78970920
1241542479	77266985	78905366
1241542479	86573087	80412705
1241542499	86573087	80412705
1241542519	86573087	80412705
1241542539	86573087	80412705
1241542559	86573087	80412705
1241542579	86573087	80412705
1241542599	86573087	80412705
1241542619	86573087	80412705
1241542639	77266985	78905366
1241542639	86573087	80412705
1241542659	86573087	80412705
1241542679	86573087	80412705
1241542699	86573087	80412705
1241542719	86573087	80412705
1241542739	86573087	80412705
1241542759	86573087	80412705
1241542779	77266985	78905366
1241542779	86573087	80412705
1241542799	86573087	80412705
1241542799	86966303	101842975
1241542799	78905366	77266985
1241542819	86966303	101842975
1241542839	86966303	101842975
1241542859	77266985	78905366
1241542879	86573087	80412705
1241542879	86966303	101842975
1241542899	86966303	101842975
1241542899	86966303	78970920
1241542919	86966303	101842975
1241542939	86966303	101842975
1241542979	86966303	101842975
1241542999	86966303	101842975
1241543019	86966303	101842975
1241543039	86966303	101842975
1241543059	86966303	101842975
1241543079	86966303	101842975
1241543099	86966303	101842975
1241543119	86966303	101842975
1241543139	86966303	101842975
1241543159	86966303	101842975
1241543179	86966303	101842975
1241543199	86966303	101842975
1241543219	86966303	101842975
1241543239	86966303	101842975
1241543259	86966303	101842975
1241543279	86966303	101842975
1241543299	86966303	101842975
1241543339	98631705	77266985
1241543339	98631705	78905366
1241543339	78905366	77266985
1241543359	98631705	77266985
1241543359	98631705	78905366
1241543359	78905366	77266985
1241543379	98631705	77266985
1241543539	78905366	77266985
1241543559	86966303	101842975
1241543579	78905366	77266985
1241543599	77266985	78905366
1241543619	78905366	77266985
1241543639	78905366	77266985
1241543659	78905366	77266985
1241543699	86966303	101842975
1241543719	86966303	101842975
1241543739	86966303	101842975
1241543759	86966303	101842975
1241543779	86966303	101842975
1241543819	86966303	101842975
1241543839	86966303	101842975
1241543839	78905366	77266985
1241543919	78905366	77266985
1241543979	77266985	78905366
1241543999	77266985	78905366
1241544019	77266985	78905366
1241544039	77266985	78905366
1241544119	77266985	78905366
1241544139	77266985	78905366
1241544219	78905366	77266985
1241544299	98631705	77266985
1241544299	98631705	78905366
1241544299	78905366	77266985
1241545159	77266986	78905367
1241545179	77266986	78905367
1241545199	77266986	78905367
1241545219	77266986	78905367
1241545239	77266986	78905367
1241545259	77266986	78905367
1241545279	77266986	78905367
1241545299	77266986	78905367
1241545319	77266986	78905367
1241545339	77266986	78905367
1241545359	77266986	78905367
1241545379	77266986	78905367
1241545399	77266986	78905367
1241545419	77266986	78905367
1241545439	77266986	78905367
1241545459	77266986	78905367
1241545479	77266986	78905367
1241545499	77266986	78905367
1241545519	101842975	86966303
1241545539	101842975	86966303
1241545539	77266986	78905367
1241545559	101842975	86966303
1241545559	77266986	78905367
1241545579	101842975	86966303
1241545579	77266986	78905367
1241545599	101842975	86966303
1241545599	77266986	78905367
1241545619	101842975	86966303
1241545639	101842975	86966303
1241545659	101842975	86966303
1241545659	77266986	78905367
1241545679	101842975	86966303
1241545699	101842975	86966303
1241545699	77266986	78905367
1241545719	101842975	86966303
1241545719	77266986	78905367
1241545739	101842975	86966303
1241545739	77266986	78905367
1241545759	101842975	86966303
1241545779	101842975	86966303
1241545779	77266986	78905367
1241545799	101842975	86966303
1241545799	77266986	78905367
1241545899	101842975	86966303
1241545919	101842975	86966303
1241545939	101842975	86966303
1241545959	101842975	86966303
1241545979	101842975	86966303
1241545999	101842975	86966303
1241546019	101842975	86966303
1241546039	101842975	86966303
