1245750939	96075913	74317936
1245750979	96075913	74317936
1245751119	96075913	74317936
1245751139	96075913	74317936
1245751159	96075913	74317936
1245751179	96075913	74317936
1245751219	96075913	74317936
1245751239	96075913	74317936
1245751259	96075913	74317936
1245751279	96075913	74317936
1245751279	95092837	99876971
1245751299	96075913	74317936
1245751299	95092837	99876971
1245751299	95092837	94699641
1245751319	96075913	74317936
1245751339	96075913	74317936
1245751359	99876971	94699641
1245751379	95092837	94699641
1245751399	96075913	74317936
1245751459	99876971	94699641
1245751479	96075913	74317936
1245751479	95092837	94699641
1245751479	99876971	94699641
1245751499	74317936	96075913
1245751519	73597066	104333422
1245751519	94699641	95092837
1245751519	74317936	96075913
1245751559	73597066	104333422
1245751559	74317936	96075913
1245751579	73597066	104333422
1245751599	73597066	104333422
1245751619	74317936	96075913
1245751639	94699641	95092837
1245751639	74317936	96075913
1245751659	74317936	96075913
1245751679	74317936	96075913
1245751699	74317936	96075913
1245751719	73597066	104333422
1245751719	94699641	95092837
1245751719	74317936	96075913
1245751739	73597066	104333422
1245751739	74317936	96075913
1245751759	95092837	74317936
1245751779	73597066	104333422
1245751779	74317936	96075913
1245751839	94699641	95092837
1245751899	74317936	96075913
1245751919	94699641	95092837
1245751939	74317936	96075913
1245751979	74317936	96075913
1245751999	73597066	104333422
1245752019	73597066	104333422
1245752019	74317936	96075913
1245752039	73597066	104333422
1245752059	73597066	104333422
1245752059	74317936	96075913
1245752139	86966409	100270175
1245752159	73597066	104333422
1245752159	74317936	96075913
1245752179	73597066	104333422
1245752199	94699641	95092837
1245752199	74317936	96075913
1245752219	73597066	104333422
1245752219	74317936	96075913
1245752239	73597066	104333422
1245752239	95092837	99876971
1245752259	73597066	104333422
1245752259	95092837	99876971
1245752279	95092837	99876971
1245752319	73597066	104333422
1245752339	73597066	104333422
1245752359	86966409	100270175
1245752379	73597066	104333422
1245752399	74317936	96075913
1245752419	73597066	104333422
1245752419	74317936	96075913
1245752419	86966409	100270175
1245752439	73597066	104333422
1245752439	74317936	96075913
1245752459	73597066	104333422
1245752479	73597066	104333422
1245752499	73597066	104333422
1245752499	74317936	96075913
1245752519	73597066	104333422
1245752519	78119025	77463662
1245752519	74317936	96075913
1245752539	73597066	104333422
1245752539	78119025	80019554
1245752539	78119025	77463662
1245752539	86966409	100270175
1245752539	77463662	80019554
1245752559	73597066	104333422
1245752559	78119025	80019554
1245752559	78119025	77463662
1245752559	77463662	80019554
1245752579	73597066	104333422
1245752579	78119025	80019554
1245752579	78119025	77463662
1245752579	74317936	96075913
1245752599	73597066	104333422
1245752599	74317936	96075913
1245752619	74317936	96075913
1245752639	73597066	104333422
1245752639	80019554	78119025
1245752639	74317936	96075913
1245752659	73597066	104333422
1245752659	74317936	96075913
1245752679	73597066	104333422
1245752679	78119025	77463662
1245752699	73597066	104333422
1245752699	78119025	80019554
1245752699	74317936	96075913
1245752719	73597066	104333422
1245752719	77463662	80019554
1245752739	73597066	104333422
1245752739	78119025	80019554
1245752739	78119025	77463662
1245752739	74317936	96075913
1245752739	77463662	80019554
1245752759	73597066	104333422
1245752759	78119025	80019554
1245752759	78119025	77463662
1245752759	74317936	96075913
1245752779	73597066	104333422
1245752779	78119025	77463662
1245752779	74317936	96075913
1245752799	73597066	104333422
1245752799	80019554	78119025
1245752819	73597066	104333422
1245752819	80019554	77463662
1245752819	74317936	96075913
1245752819	96075913	94699641
1245752839	73597066	104333422
1245752839	80019554	77463662
1245752839	74317936	96075913
1245752859	73597066	104333422
1245752859	74317936	96075913
1245752879	73597066	104333422
1245752879	78119025	77463662
1245752879	74317936	96075913
1245752899	94699641	95092837
1245752899	78119025	80019554
1245752899	74317936	96075913
1245752919	73597066	104333422
1245752919	94699641	95092837
1245752919	78119025	77463662
1245752919	95092837	99876971
1245752919	74317936	96075913
1245752919	77463662	80019554
1245752939	94699641	95092837
1245752939	78119025	77463662
1245752939	95092837	99876971
1245752939	74317936	96075913
1245752959	94699641	95092837
1245752959	74317936	96075913
1245752979	73597066	104333422
1245752979	80019554	78119025
1245752979	80019554	77463662
1245752979	78119025	77463662
1245752979	74317936	96075913
1245752979	74317936	94699641
1245752999	73597066	104333422
1245752999	94699641	96075913
1245752999	78119025	80019554
1245752999	95092837	99876971
1245752999	74317936	96075913
1245753019	95092837	99876971
1245753019	74317936	96075913
1245753039	73597066	104333422
1245753039	95092837	99876971
1245753039	74317936	96075913
1245753059	80019554	78119025
1245753059	74317936	96075913
1245753079	80019554	78119025
1245753079	80019554	77463662
1245753079	95092837	99876971
1245753099	80019554	78119025
1245753099	78119025	77463662
1245753099	74317936	96075913
1245753119	78119025	80019554
1245753119	74317936	96075913
1245753139	73597066	104333422
1245753139	80019554	78119025
1245753139	74317936	96075913
1245753159	80019554	78119025
1245753159	80019554	77463662
1245753159	78119025	77463662
1245753159	74317936	96075913
1245753179	94699641	96075913
1245753179	78119025	80019554
1245753179	78119025	77463662
1245753179	74317936	96075913
1245753179	77463662	80019554
1245753199	94699641	96075913
1245753199	74317936	96075913
1245753199	77463662	80019554
1245753219	94503019	105906286
1245753219	73597066	104333422
1245753219	74317936	96075913
1245753219	74317936	94699641
1245753219	96075913	94699641
1245753239	94503019	105906286
1245753239	73597066	104333422
1245753239	78119025	77463662
1245753239	74317936	96075913
1245753239	86966409	100270175
1245753259	94503019	105906286
1245753259	78119025	77463662
1245753259	95092837	99876971
1245753259	74317936	96075913
1245753259	86966409	100270175
1245753279	78119025	77463662
1245753279	74317936	96075913
1245753279	86966409	100270175
1245753299	73597066	104333422
1245753299	95092837	94699641
1245753299	74317936	96075913
1245753299	86966409	100270175
1245753299	99876971	94699641
1245753319	94503019	105906286
1245753319	73597066	104333422
1245753319	78119025	77463662
1245753319	95092837	94699641
1245753319	86966409	100270175
1245753339	80019554	78119025
1245753339	86966409	100270175
1245753359	73597066	104333422
1245753359	94699641	95092837
1245753359	94699641	99876971
1245753359	78119025	80019554
1245753359	95092837	99876971
1245753379	73597066	104333422
1245753379	78119025	77463662
1245753379	95092837	99876971
1245753379	95092837	94699641
1245753379	99876971	94699641
1245753399	78119025	77463662
1245753399	86966409	100270175
1245753419	94503019	105906286
1245753419	80019554	77463662
1245753419	74317936	96075913
1245753419	86966409	100270175
1245753439	94503019	105906286
1245753439	73597066	104333422
1245753439	74317936	96075913
1245753459	74317936	96075913
1245753479	74317936	96075913
1245753499	86966409	100270175
1245753519	73597066	104333422
1245753519	74317936	96075913
1245753519	86966409	100270175
1245753539	94503019	105906286
1245753539	86966409	100270175
1245753559	74317936	96075913
1245753559	86966409	100270175
1245753579	86966409	100270175
1245753619	74317936	96075913
1245753639	74317936	96075913
1245753659	73597066	104333422
1245753659	74317936	96075913
1245753659	105906286	90505350
1245753679	74317936	96075913
1245753679	86966409	100270175
1245753719	73597066	104333422
1245753719	74317936	96075913
1245753739	73597066	104333422
1245753759	73597066	104333422
1245753779	73597066	104333422
1245753779	74317936	96075913
1245753799	73597066	104333422
1245753799	74317936	96075913
1245753819	73597066	104333422
1245753839	94503019	105906286
1245753839	73597066	104333422
1245753839	74317936	96075913
1245753859	73597066	104333422
1245753859	74317936	96075913
1245753879	73597066	104333422
1245753899	74317936	96075913
1245753919	74317936	96075913
1245753939	74317936	96075913
1245753959	74317936	96075913
1245753979	73597066	104333422
1245753979	80019554	78119025
1245753979	74317936	96075913
1245753999	94503019	105906286
1245754019	86966409	100270175
1245754039	94503019	105906286
1245754039	74317936	96075913
1245754039	86966409	100270175
1245754059	74317936	96075913
1245754059	86966409	100270175
1245754079	90505350	96075913
1245754079	90505350	74317936
1245754079	74317936	96075913
1245754079	86966409	100270175
1245754099	73597066	104333422
1245754099	90505350	96075913
1245754099	90505350	74317936
1245754099	74317936	96075913
1245754099	86966409	100270175
1245754119	90505350	96075913
1245754119	90505350	74317936
1245754119	74317936	96075913
1245754119	86966409	100270175
1245754139	73597066	104333422
1245754139	90505350	96075913
1245754139	90505350	74317936
1245754139	74317936	96075913
1245754139	86966409	100270175
1245754159	73597066	104333422
1245754159	90505350	96075913
1245754159	90505350	74317936
1245754159	74317936	96075913
1245754159	86966409	100270175
1245754179	90505350	96075913
1245754179	90505350	74317936
1245754179	78119025	80019554
1245754179	74317936	96075913
1245754179	86966409	100270175
1245754199	80019554	78119025
1245754199	74317936	96075913
1245754199	74317936	90505350
1245754199	86966409	100270175
1245754199	96075913	90505350
1245754219	90505350	96075913
1245754219	90505350	74317936
1245754219	74317936	96075913
1245754219	86966409	100270175
1245754239	73597066	104333422
1245754239	90505350	96075913
1245754239	90505350	74317936
1245754239	74317936	96075913
1245754239	86966409	100270175
1245754259	73597066	104333422
1245754259	90505350	96075913
1245754259	90505350	74317936
1245754259	74317936	96075913
1245754279	94503019	105906286
1245754279	73597066	104333422
1245754279	90505350	96075913
1245754279	90505350	74317936
1245754279	78119025	80019554
1245754279	74317936	96075913
1245754299	73597066	104333422
1245754299	90505350	96075913
1245754299	90505350	74317936
1245754299	78119025	80019554
1245754299	74317936	96075913
1245754319	80019554	78119025
1245754319	74317936	96075913
1245754319	74317936	90505350
1245754319	86966409	100270175
1245754319	96075913	90505350
1245754339	73597066	104333422
1245754339	80019554	78119025
1245754339	74317936	96075913
1245754339	74317936	90505350
1245754339	86966409	100270175
1245754339	96075913	90505350
1245754359	94503019	105906286
1245754359	80019554	78119025
1245754359	86966409	100270175
1245754379	94503019	105906286
1245754379	80019554	78119025
1245754399	80019554	78119025
1245754399	74317936	90505350
1245754419	80019554	78119025
1245754419	80019554	77463662
1245754419	78119025	77463662
1245754419	74317936	90505350
1245754439	80019554	78119025
1245754439	78119025	77463662
1245754439	95158389	74514569
1245754439	95158389	73269382
1245754439	74514569	101843065
1245754439	74514569	73269382
1245754459	80019554	78119025
1245754459	95158389	74514569
1245754459	74514569	73269382
1245754459	101843065	73269382
1245754479	94503019	105906286
1245754479	73597066	104333422
1245754479	80019554	78119025
1245754479	78119025	77463662
1245754499	80019554	78119025
1245754499	95158389	74514569
1245754499	74514569	101843065
1245754499	74514569	73269382
1245754519	80019554	78119025
1245754519	80019554	77463662
1245754519	78119025	77463662
1245754519	95158389	74514569
1245754519	74514569	73269382
1245754539	101253236	74973281
1245754539	101253236	102695040
1245754539	74973281	102695040
1245754559	101253236	102695040
1245754559	74973281	102695040
1245754579	80019554	77463662
1245754579	101253236	74973281
1245754579	101253236	102695040
1245754579	74973281	102695040
1245754599	74973281	102695040
1245754619	101253236	74973281
1245754639	101253236	102695040
1245754659	99680403	96993400
1245754659	101253236	74973281
1245754659	101253236	102695040
1245754679	94503019	105906286
1245754679	101253236	74973281
1245754679	101253236	102695040
1245754699	94503019	105906286
1245754699	73597066	104333422
1245754699	99680403	96993400
1245754699	101253236	74973281
1245754699	101253236	102695040
1245754699	74973281	102695040
1245754719	96993400	99680403
1245754719	101253236	74973281
1245754719	86966409	100270175
1245754739	99680403	96993400
1245754739	101253236	74973281
1245754759	74514569	101843065
1245754759	74514569	95158389
1245754759	74514569	73269382
1245754759	96993400	99680403
1245754759	101253236	74973281
1245754779	74514569	101843065
1245754799	80019554	78119025
1245754799	74514569	101843065
1245754799	74514569	95158389
1245754799	96993400	99680403
1245754799	86966409	100270175
1245754839	80019554	77463662
1245754839	96993400	99680403
1245754859	80019554	78119025
1245754859	80019554	77463662
1245754859	99680403	96993400
1245754859	78119025	77463662
1245754879	80019554	77463662
1245754879	99680403	96993400
1245754879	77463662	78119025
1245754899	99680403	96993400
1245754899	78119025	77463662
1245754919	80019554	78119025
1245754919	99680403	96993400
1245754919	95158389	74514569
1245754919	95158389	73269382
1245754939	99680403	96993400
1245754939	96993400	74514569
1245754939	95158389	73269382
1245754939	74514569	101843065
1245754939	74514569	73269382
1245754939	101843065	73269382
1245754959	80019554	78119025
1245754959	99680403	96993400
1245754959	95158389	74514569
1245754959	95158389	101843065
1245754959	74514569	101843065
1245754979	80019554	78119025
1245754979	80019554	77463662
1245754979	99680403	96993400
1245754979	95158389	74514569
1245754979	95158389	101843065
1245754979	78119025	77463662
1245754999	80019554	78119025
1245754999	80019554	77463662
1245754999	74514569	95158389
1245754999	74514569	73269382
1245754999	96993400	99680403
1245754999	101253236	74973281
1245754999	101253236	102695040
1245754999	95158389	73269382
1245755019	73597066	104333422
1245755019	80019554	78119025
1245755019	74514569	95158389
1245755019	96993400	99680403
1245755019	95158389	101843065
1245755019	105906287	104398965
1245755019	105906287	99876973
1245755019	99876973	104398965
1245755039	74514569	101253236
1245755039	74514569	101843065
1245755039	74514569	73269382
1245755039	96993400	99680403
1245755039	95158389	73269382
1245755039	105906287	104398965
1245755039	105906287	99876973
1245755039	105906287	76087411
1245755039	99876973	104398965
1245755059	104398965	105906287
1245755059	99680403	96993400
1245755059	101253236	73269382
1245755059	95158389	73269382
1245755059	105906287	99876973
1245755059	74514569	73269382
1245755079	73597066	104333422
1245755079	74514569	95158389
1245755079	74514569	73269382
1245755079	95158389	73269382
1245755079	101843065	73269382
1245755079	101253236	73269382
1245755099	73597066	104333422
1245755099	99680403	96993400
1245755099	101253236	74973281
1245755099	101253236	102695040
1245755099	105906287	99876973
1245755099	74514569	101843065
1245755099	99876973	76087411
1245755119	74514569	101843065
1245755119	96993400	99680403
1245755119	101253236	74973281
1245755119	101253236	102695040
1245755119	105906287	99876973
1245755119	99876973	76087411
1245755139	104398965	105906287
1245755139	99680403	96993400
1245755139	101253236	74973281
1245755139	86966409	100270175
1245755139	105906287	99876973
1245755139	74514569	73269382
1245755139	99876973	76087411
1245755159	101253236	74973281
1245755159	95158389	74514569
1245755159	74514569	73269382
1245755179	74514569	95158389
1245755179	96993400	99680403
1245755179	101253236	74973281
1245755179	105906287	76087411
1245755179	105906287	99876973
1245755199	104398965	101253236
1245755199	99680403	96993400
1245755199	76087411	99876973
1245755199	95158389	74514569
1245755199	101253236	74973281
1245755219	73597066	104333422
1245755219	104398965	101253236
1245755219	101253236	74973281
1245755239	73597066	104333422
1245755239	104398965	101253236
1245755239	104398965	76087411
1245755239	74514569	101843065
1245755239	96993400	99680403
1245755239	76087411	99876973
1245755239	101253236	74973281
1245755239	74973281	102695040
1245755259	73597066	104333422
1245755259	74514569	95158389
1245755259	101253236	74973281
1245755259	102695040	74973281
1245755279	73597066	104333422
1245755279	76087411	105906287
1245755279	95158389	74514569
1245755279	105906287	99876973
1245755279	74514569	101843065
1245755279	101253236	102695040
1245755279	74973281	102695040
1245755299	73597066	104333422
1245755299	105906287	99876973
1245755299	74514569	101843065
1245755319	73597066	104333422
1245755319	101253236	74973281
1245755319	101843065	73269382
1245755339	95158389	74514569
1245755359	74514569	95158389
1245755359	95158389	101843065
1245755359	101253236	74973281
1245755379	101253236	74973281
1245755379	95158389	74514569
1245755379	86966409	100270175
1245755379	74514569	101843065
1245755399	95158389	74514569
1245755419	101253236	74973281
1245755419	95158389	74514569
1245755419	95158389	73269382
1245755419	74514569	101843065
1245755419	74514569	73269382
1245755419	74973281	102695040
1245755439	95158389	74514569
1245755439	74514569	101843065
1245755439	74514569	73269382
1245755459	99680403	96993400
1245755459	95158389	74514569
1245755459	105906287	104398965
1245755459	74514569	101843065
1245755459	74514569	73269382
1245755479	104398965	105906287
1245755479	99680403	96993400
1245755499	74514569	73269382
1245755499	96993400	99680403
1245755499	95158389	73269382
1245755499	101843065	73269382
1245755519	73597066	104333422
1245755519	101253236	74973281
1245755519	101253236	102695040
1245755519	105906287	104398965
1245755539	73597066	104333422
1245755539	86966409	100270175
1245755559	99680403	101253236
1245755559	95158389	74514569
1245755559	95158389	101843065
1245755559	86966409	100270175
1245755559	74514569	101843065
1245755559	101253236	74973281
1245755559	101253236	102695040
1245755559	74973281	102695040
1245755579	101253236	74973281
1245755579	101253236	102695040
1245755579	105906287	104398965
1245755579	74514569	101843065
1245755579	102695040	74973281
1245755599	101253236	74973281
1245755599	101253236	102695040
1245755599	105906287	104398965
1245755599	105906287	99876973
1245755619	73597066	104333422
1245755619	74514569	101843065
1245755619	96993400	99680403
1245755619	101253236	74973281
1245755619	101253236	102695040
1245755619	105906287	104398965
1245755619	105906287	99876973
1245755619	101843065	73269382
1245755639	99680403	96993400
1245755639	101253236	74973281
1245755639	101253236	102695040
1245755639	105906287	104398965
1245755639	74514569	73269382
1245755659	99680403	96993400
1245755659	101253236	74973281
1245755659	101253236	102695040
1245755659	86966409	100270175
1245755659	105906287	104398965
1245755679	101253236	74973281
1245755679	101253236	102695040
1245755679	86966409	100270175
1245755679	105906287	104398965
1245755679	74514569	73269382
1245755699	99680403	96993400
1245755699	101253236	74973281
1245755699	101253236	102695040
1245755699	95158389	74514569
1245755699	86966409	100270175
1245755719	74514569	95158389
1245755719	96993400	99680403
1245755719	101253236	74973281
1245755719	101253236	102695040
1245755719	86966409	100270175
1245755719	105906287	104398965
1245755719	74973281	102695040
1245755739	99680403	96993400
1245755739	105906287	104398965
1245755739	102695040	74973281
1245755759	99680403	96993400
1245755759	76087411	105906287
1245755759	76087411	104398965
1245755759	95158389	74514569
1245755759	105906287	104398965
1245755759	105906287	99876973
1245755759	74514569	101843065
1245755759	102695040	74973281
1245755779	73597066	104333422
1245755779	99680403	96993400
1245755779	95158389	74514569
1245755779	95158389	101843065
1245755779	105906287	104398965
1245755779	76087411	104398965
1245755779	102695040	74973281
1245755799	74514569	95158389
1245755799	96993400	99680403
1245755799	105906287	104398965
1245755799	105906287	99876973
1245755799	99876973	104398965
1245755819	73597066	99680403
1245755819	99680403	96993400
1245755819	105906287	99876973
1245755819	74514569	101843065
1245755819	99876973	104398965
1245755839	99680403	96993400
1245755839	101253236	74973281
1245755839	105906287	104398965
1245755839	105906287	99876973
1245755839	74514569	101843065
1245755839	99876973	104398965
1245755839	76087411	104398965
1245755859	76087411	105906287
1245755859	76087411	104398965
1245755859	105906287	104398965
1245755859	101253236	74973281
1245755859	101253236	102695040
1245755879	73597066	104333422
1245755879	101253236	102695040
1245755879	86966409	100270175
1245755879	105906287	104398965
1245755879	99876973	76087411
1245755879	99876973	104398965
1245755879	76087411	104398965
1245755899	99680403	96993400
1245755899	96993400	102695040
1245755899	105906287	76087411
1245755899	105906287	99876973
1245755899	105906287	104398965
1245755899	74514569	101843065
1245755919	74514569	105906287
1245755919	74514569	104398965
1245755919	74514569	73269382
1245755919	96993400	99680403
1245755919	101253236	74973281
1245755919	101253236	102695040
1245755919	95158389	105906287
1245755919	95158389	73269382
1245755919	105906287	99876973
1245755919	99876973	104398965
1245755939	99680403	96993400
1245755939	101253236	74973281
1245755939	95158389	74514569
1245755939	95158389	73269382
1245755939	105906287	104398965
1245755939	99876973	104398965
1245755939	76087411	104398965
1245755959	94503020	96075914
1245755959	74514569	95158389
1245755959	74514569	73269382
1245755959	96993400	99680403
1245755959	101253236	102695040
1245755959	105906287	76087411
1245755959	99876973	104398965
1245755979	74514569	73269382
1245755979	96993400	99680403
1245755979	76087411	105906287
1245755979	86966409	100270175
1245755979	105906287	104398965
1245755979	101253236	74973281
1245755999	94503020	96075914
1245755999	99680403	96993400
1245755999	101253236	102695040
1245755999	105906287	99876973
1245756019	99680403	96993400
1245756019	95158389	74514569
1245756019	105906287	99876973
1245756019	101253236	102695040
1245756039	73597066	104333422
1245756039	73597066	101253236
1245756039	73597066	102695040
1245756039	99680403	96993400
1245756039	101253236	104333422
1245756039	101253236	102695040
1245756039	95158389	74514569
1245756039	86966409	100270175
1245756059	94503020	96075914
1245756059	73597066	104333422
1245756059	73597066	101253236
1245756059	73597066	102695040
1245756059	99680403	96993400
1245756059	101253236	104333422
1245756059	101253236	102695040
1245756059	95158389	74514569
1245756059	104333422	102695040
1245756079	94503020	96075914
1245756079	74514569	95158389
1245756079	96993400	99680403
1245756079	101253236	104333422
1245756079	95158389	73269382
1245756079	76087411	104398965
1245756079	104333422	102695040
1245756099	94503020	96075914
1245756099	74514569	95158389
1245756099	74514569	73269382
1245756099	96993400	99680403
1245756099	76087411	104398965
1245756099	95158389	73269382
1245756119	94503020	96075914
1245756119	74514569	95158389
1245756119	74514569	73269382
1245756119	96993400	99680403
1245756119	76087411	105906287
1245756119	95158389	73269382
1245756119	86966409	100270175
1245756119	105906287	104398965
1245756139	99680403	96993400
1245756139	95158389	74514569
1245756139	95158389	73269382
1245756139	86966409	100270175
1245756139	105906287	104398965
1245756139	105906287	99876973
1245756139	74514569	73269382
1245756139	99876973	104398965
1245756159	95158389	74514569
1245756159	95158389	73269382
1245756159	86966409	100270175
1245756159	105906287	99876973
1245756179	74514569	73269382
1245756179	95158389	73269382
1245756179	86966409	100270175
1245756199	94503020	96075914
1245756199	86966409	100270175
1245756199	105906287	99876973
1245756199	74514569	73269382
1245756219	74514569	73269382
1245756219	96993400	99680403
1245756239	99680403	96993400
1245756239	74514569	101843065
1245756239	74514569	73269382
1245756239	101843065	73269382
1245756259	74514569	101843065
1245756259	74514569	95158389
1245756259	95158389	101843065
1245756259	99876973	104398965
1245756279	99680403	96993400
1245756279	99876973	104398965
1245756299	96993400	99680403
1245756319	96993400	99680403
1245756319	99876973	104398965
1245756339	94503020	96075914
1245756339	105906287	99876973
1245756379	94503020	96075914
1245756419	94503020	96075914
1245756439	94503020	96075914
1245756439	105906287	104398965
1245756439	105906287	99876973
1245756459	94503020	96075914
1245756459	105906287	99876973
1245756479	95158389	74514569
1245756479	105906287	104398965
1245756479	105906287	99876973
1245756479	74514569	101843065
1245756499	76087411	105906287
1245756499	95158389	101843065
1245756499	95158389	73269382
1245756499	105906287	99876973
1245756499	74514569	101843065
1245756499	74514569	73269382
1245756499	101843065	73269382
1245756519	76087411	105906287
1245756519	105906287	99876973
1245756539	94503020	96075914
1245756539	76087411	105906287
1245756539	76087411	104398965
1245756539	86966409	100270175
1245756539	105906287	104398965
1245756559	94503020	96075914
1245756559	105906287	104398965
1245756559	105906287	99876973
1245756579	95158389	101843065
1245756599	105906287	104398965
1245756599	74514569	73269382
1245756639	105906287	104398965
1245756699	105906287	99876973
1245756719	105906287	99876973
1245756719	74514569	101843065
1245756739	105906287	99876973
1245756739	74514569	101843065
1245756759	74514569	101843065
1245756759	74514569	73269382
1245756779	95158389	74514569
1245756779	74514569	73269382
1245756799	95158389	74514569
1245756799	74514569	73269382
1245756859	74514569	101843065
1245756879	76087411	104398965
1245756879	74514569	101843065
1245756899	105906287	99876973
1245756919	105906287	104398965
1245756919	105906287	99876973
1245756939	105906287	104398965
1245756959	74514569	73269382
1245756979	105906287	104398965
1245756979	105906287	99876973
1245756979	74514569	73269382
1245756999	105906287	99876973
1245757039	95158389	74514569
1245757039	95158389	101843065
1245757039	74514569	73269382
1245757039	101843065	73269382
1245757099	95158389	101843065
1245757099	105906287	99876973
1245757099	74514569	73269382
1245757119	95158389	74514569
1245757119	95158389	101843065
1245757119	105906287	99876973
1245757119	74514569	73269382
1245757139	95158389	74514569
1245757139	95158389	73269382
1245757139	105906287	99876973
1245757139	74514569	73269382
1245757139	101843065	73269382
1245757159	95158389	74514569
1245757159	105906287	99876973
1245757159	74514569	73269382
1245757179	95158389	74514569
1245757179	105906287	99876973
1245757179	99876973	104398965
1245757199	95158389	74514569
1245757199	105906287	104398965
1245757199	105906287	99876973
1245757199	74514569	101843065
1245757219	95158389	74514569
1245757219	105906287	104398965
1245757239	95158389	74514569
1245757239	74514569	73269382
1245757259	95158389	74514569
1245757279	95158389	74514569
1245757279	74514569	101843065
1245757299	95158389	74514569
1245757299	95158389	101843065
1245757299	95158389	73269382
1245757299	74514569	101843065
1245757299	74514569	73269382
1245757319	95158389	74514569
1245757319	74514569	101843065
1245757319	74514569	73269382
1245757339	95158389	74514569
1245757359	95158389	74514569
1245757359	95158389	73269382
1245757359	74514569	73269382
1245757379	95158389	74514569
1245757379	74514569	73269382
1245757399	95158389	74514569
1245757399	95158389	73269382
1245757399	74514569	73269382
1245757419	95158389	74514569
1245757439	95158389	74514569
1245757439	95158389	73269382
1245757439	105906287	104398965
1245757459	95158389	74514569
1245757459	105906287	104398965
1245757479	94699643	100991112
1245757479	95158389	74514569
1245757499	105906287	104398965
1245757519	94699643	100991112
1245757519	76087411	99876973
1245757519	95158389	74514569
1245757519	105906287	104398965
1245757539	100991112	94699643
1245757559	94699643	100991112
1245757559	95158389	73269382
1245757559	105906287	104398965
1245757579	94699643	100991112
1245757579	95158389	74514569
1245757579	95158389	73269382
1245757599	100991112	96075914
1245757599	100991112	94699643
1245757599	95158389	74514569
1245757599	96075914	94699643
1245757619	74514569	73269382
1245757639	74514569	73269382
1245757659	94699643	100991112
1245757679	100991112	94699643
1245757699	74514569	73269382
1245757719	94503020	96075914
1245757719	100991112	94699643
1245757739	94503020	96075914
1245757739	94699643	100991112
1245757739	74514569	73269382
1245757759	94503020	96075914
1245757759	95158389	74514569
1245757759	74514569	73269382
1245757779	94503020	96075914
1245757779	94699643	100991112
1245757779	95158389	74514569
1245757779	95158389	73269382
1245757779	74514569	73269382
1245757799	95158389	74514569
1245757819	94699643	100991112
1245757819	95158389	74514569
1245757839	95158389	74514569
1245757859	95158389	74514569
1245757879	95158389	74514569
1245757899	94503020	96075914
1245757899	95158389	74514569
1245757899	74514569	73269382
1245757919	95158389	74514569
1245757919	74514569	73269382
1245757939	95158389	74514569
1245757959	94503020	96075914
1245757959	95158389	74514569
1245757959	95158389	73269382
1245757959	74514569	73269382
1245757979	94503020	96075914
1245757979	95158389	74514569
1245757979	95158389	73269382
1245757979	74514569	73269382
1245757999	94503020	96075914
1245758019	104923280	95092838
1245758019	94503020	96075914
1245758019	95158389	74514569
1245758039	104923280	95092838
1245758039	94503020	96075914
1245758039	76087411	105906287
1245758039	95158389	74514569
1245758039	105906287	104398965
1245758039	105906287	99876973
1245758059	104923280	95092838
1245758059	95158389	74514569
1245758059	105906287	104398965
1245758059	74514569	73269382
1245758079	104923280	95092838
1245758079	95158389	74514569
1245758079	105906287	104398965
1245758099	104923280	95092838
1245758099	95158389	73269382
1245758099	105906287	104398965
1245758119	95158389	73269382
1245758119	105906287	104398965
1245758119	74514569	73269382
1245758139	105906287	104398965
1245758159	104923280	95092838
1245758159	95158389	74514569
1245758159	74514569	73269382
1245758159	99876973	104398965
1245758179	104923280	95092838
1245758199	95158389	74514569
1245758199	95158389	101843065
1245758199	74514569	101843065
1245758219	95158389	101843065
1245758219	74514569	101843065
1245758239	95158389	101843065
1245758239	74514569	101843065
1245758239	101843065	73269382
1245758239	99876973	104398965
1245758259	104923280	95092838
1245758259	105906287	99876973
1245758259	74514569	73269382
1245758259	99876973	104398965
1245758279	95158389	74514569
1245758279	105906287	99876973
1245758299	104923280	95092838
1245758299	105906287	99876973
1245758319	104923280	95092838
1245758319	76087411	105906287
1245758359	104923280	95092838
1245758359	95158389	73269382
1245758359	99876973	104398965
1245758379	104923280	95092838
1245758379	95158389	101843065
1245758379	95158389	73269382
1245758379	74514569	101843065
1245758379	74514569	73269382
1245758379	99876973	104398965
1245758399	74514569	73269382
1245758399	99876973	104398965
1245758419	74514569	101843065
1245758419	74514569	73269382
1245758419	99876973	104398965
1245758439	74514569	101843065
1245758459	74514569	101843065
1245758459	99876973	104398965
1245758479	74514569	101843065
1245758479	74514569	73269382
1245758479	101843065	73269382
1245758499	74514569	101843065
1245758499	74514569	73269382
1245758499	101843065	73269382
1245758519	74514569	101843065
1245758519	101843065	73269382
1245758539	104923280	95092838
1245758539	74514569	101843065
1245758539	99876973	104398965
1245758559	104923280	95092838
1245758559	74514569	101843065
1245758559	99876973	104398965
1245758579	74514569	73269382
1245758599	74514569	101843065
1245758599	74514569	73269382
1245758599	101843065	73269382
1245758619	74514569	101843065
1245758619	74514569	73269382
1245758639	95158389	73269382
1245758639	105906287	104398965
1245758639	105906287	99876973
1245758639	74514569	101843065
1245758639	74514569	73269382
1245758659	104923280	95092838
1245758659	90505351	74317937
1245758659	95158389	74514569
1245758659	74514569	101843065
1245758679	104923280	95092838
1245758679	90505351	74317937
1245758679	76087411	105906287
1245758679	95092838	96075914
1245758679	95158389	74514569
1245758679	95158389	101843065
1245758679	74514569	101843065
1245758679	74514569	73269382
1245758679	101843065	73269382
1245758699	95158389	74514569
1245758699	95158389	101843065
1245758699	105906287	104398965
1245758699	74514569	101843065
1245758699	74514569	73269382
1245758719	95158389	74514569
1245758719	95158389	101843065
1245758719	74514569	101843065
1245758739	90505351	74317937
1245758739	105906287	104398965
1245758759	90505351	74317937
1245758779	90505351	74317937
1245758779	105906287	104398965
1245758799	90505351	74317937
1245758799	76087411	105906287
1245758799	105906287	99876973
1245758819	90505351	74317937
1245758839	90505351	74317937
1245758839	105906287	104398965
1245758839	105906287	99876973
1245758859	90505351	74317937
1245758859	105906287	99876973
1245758879	90505351	74317937
1245758899	90505351	74317937
1245758899	105906287	104398965
1245758919	90505351	74317937
1245758919	105906287	104398965
1245758919	105906287	99876973
1245758939	104923280	95092838
1245758939	90505351	74317937
1245758959	90505351	74317937
1245758979	94503020	96075914
1245758979	105906287	104398965
1245758999	94503020	96075914
1245758999	90505351	74317937
1245759019	105906287	104398965
1245759039	94503020	96075914
1245759039	90505351	74317937
1245759039	105906287	104398965
1245759059	94503020	96075914
1245759059	90505351	74317937
1245759059	105906287	99876973
1245759079	104923280	95092838
1245759079	94503020	96075914
1245759079	90505351	74317937
1245759079	105906287	104398965
1245759079	99876973	104398965
1245759099	90505351	74317937
1245759099	105906287	104398965
1245759099	105906287	99876973
1245759099	99876973	104398965
1245759119	104923280	95092838
1245759119	90505351	74317937
1245759119	105906287	104398965
1245759139	104923280	95092838
1245759139	90505351	74317937
1245759139	105906287	104398965
1245759139	105906287	99876973
1245759159	104923280	95092838
1245759159	90505351	74317937
1245759159	105906287	104398965
1245759159	99876973	104398965
1245759179	104923280	95092838
1245759179	94503020	96075914
1245759179	90505351	74317937
1245759179	99876973	104398965
1245759199	104923280	95092838
1245759199	90505351	74317937
1245759199	105906287	104398965
1245759199	105906287	99876973
1245759219	104923280	95092838
1245759219	94503020	96075914
1245759219	90505351	74317937
1245759219	105906287	99876973
1245759219	99876973	104398965
1245759239	94503020	96075914
1245759239	90505351	74317937
1245759239	99876973	104398965
1245759259	94503020	96075914
1245759259	90505351	74317937
1245759259	99876973	104398965
1245759279	104923280	95092838
1245759279	94503020	96075914
1245759279	99876973	104398965
1245759299	104923280	95092838
1245759299	105906287	104398965
1245759299	99876973	104398965
1245759319	94503020	96075914
1245759319	105906287	99876973
1245759339	94503020	96075914
1245759379	105906287	99876973
1245759419	104923280	95092838
1245759439	104923280	95092838
1245759439	90505351	74317937
1245759459	90505351	74317937
1245759479	104923280	95092838
1245759479	90505351	74317937
1245759499	90505351	74317937
1245759499	104333422	73269383
1245759519	104923280	95092838
1245759519	105906287	104398965
1245759519	105906287	99876973
1245759519	99876973	104398965
1245759519	104333423	73269383
1245759539	94503020	96075914
1245759539	90505351	74317937
1245759539	105906287	104398965
1245759539	105906287	99876973
1245759539	99876973	104398965
1245759559	104923280	95092838
1245759559	94503020	96075914
1245759559	105906287	104398965
1245759559	105906287	99876973
1245759559	99876973	104398965
1245759579	104923280	95092838
1245759579	94503020	96075914
1245759579	105906287	99876973
1245759579	74514570	99876973
1245759599	90505351	74317937
1245759599	105906287	104398965
1245759599	105906287	99876973
1245759599	99876973	104398965
1245759619	90505351	74317937
1245759619	105906287	99876973
1245759639	99876973	104398965
1245759659	90505351	74317937
1245759679	104923280	95092838
1245759699	104923280	95092838
1245759699	105906287	99876973
1245759699	99876973	104333423
1245759699	104333423	73269383
1245759719	104923280	95092838
1245759719	105906287	99876973
1245759719	99876973	104333423
1245759719	104333423	73269383
1245759739	105906287	99876973
1245759739	104333423	73269383
1245759759	90505351	74317937
1245759759	105906287	99876973
1245759759	105906287	73269383
1245759759	104333423	73269383
1245759779	105906287	99876973
1245759779	105906287	73269383
1245759779	104333423	73269383
1245759799	104923280	95092838
1245759799	105906287	104398965
1245759799	105906287	99876973
1245759799	104333423	73269383
1245759819	104923280	95092838
1245759819	76087411	99876973
1245759819	105906287	104333423
1245759819	105906287	99876973
1245759819	104333423	73269383
1245759839	105906287	104398965
1245759839	105906287	99876973
1245759839	104333423	73269383
1245759859	76087411	105906287
1245759859	105906287	99876973
1245759879	104923280	95092838
1245759879	76087411	105906287
1245759879	76087411	99876973
1245759879	105906287	104398965
1245759879	105906287	99876973
1245759879	99876973	104398965
1245759879	104333423	73269383
1245759899	105906287	104398965
1245759899	105906287	99876973
1245759919	90505351	74317937
1245759919	76087411	99876973
1245759939	104923280	95092838
1245759939	90505351	74317937
1245759939	76087411	104398965
1245759939	105906287	99876973
1245759939	99876973	104398965
1245759959	90505351	74317937
1245759959	76087411	105906287
1245759959	76087411	104398965
1245759959	76087411	99876973
1245759959	105906287	104398965
1245759959	105906287	99876973
1245759959	99876973	104398965
1245759979	104923280	95092838
1245759979	99876973	104398965
1245759999	104923280	95092838
1245759999	99876973	104398965
1245760019	99876973	104398965
1245760059	90505351	74317937
1245760059	73269383	104333423
1245760079	77463663	74776689
1245760099	104923280	95092838
1245760099	77463663	74776689
1245760119	104923280	95092838
1245760119	94503020	96075914
1245760119	77463663	74776689
1245760139	104923280	95092838
1245760139	94503020	96075914
1245760139	77463663	74776689
1245760159	104923280	95092838
1245760159	74776689	77463663
1245760179	77463663	74317937
1245760199	104923280	95092838
1245760199	94503020	96075914
1245760199	90505351	74317937
1245760199	74776689	77463663
1245760219	94503020	96075914
1245760219	74776689	77463663
1245760239	77463663	74776689
1245760259	90505351	74317937
1245760259	74776689	77463663
1245760279	104923280	95092838
1245760279	90505351	74317937
1245760279	74776689	77463663
1245760319	104923280	95092838
1245760319	77463663	74776689
1245760339	90505351	74317937
1245760339	77463663	74776689
1245760359	90505351	74317937
1245760359	77463663	74776689
1245760379	104923280	95092838
1245760379	77463663	74776689
1245760419	104923280	95092838
1245760439	104923280	95092838
1245760439	74776689	77463663
1245760459	104923280	95092838
1245760459	74776689	77463663
1245760479	77463663	74776689
1245760499	104923280	95092838
1245760499	95092838	74317937
1245760499	74776689	77463663
1245760519	104923280	74317937
1245760519	95092838	74317937
1245760539	104923280	95092838
1245760539	104923280	74317937
1245760539	95092838	74317937
1245760559	104923280	74317937
1245760559	74317937	74514570
1245760579	104923280	95092838
1245760579	77463663	74776689
1245760599	104923280	95092838
1245760599	90505351	74317937
1245760599	73269383	104333423
1245760599	74776689	77463663
1245760619	104923280	95092838
1245760619	90505351	74317937
1245760619	73269383	104333423
1245760619	74776689	77463663
1245760639	104923280	95092838
1245760639	90505351	74317937
1245760639	73269383	104333423
1245760639	74776689	77463663
1245760659	104923280	95092838
1245760659	90505351	74317937
1245760679	90505351	74317937
1245760679	77463663	74776689
1245760679	104333423	73269383
1245760699	90505351	74317937
1245760699	77463663	74776689
1245760719	90505351	74317937
1245760719	77463663	74776689
1245760739	104923280	95092838
1245760739	90505351	74317937
1245760739	77463663	74776689
1245760759	90505351	74317937
1245760759	77463663	74776689
1245760779	104923280	95092838
1245760779	90505351	74317937
1245760779	77463663	74776689
1245760799	104923280	95092838
1245760799	90505351	74317937
1245760819	90505351	74317937
1245760839	104923280	95092838
1245760859	104923280	95092838
1245760879	104923280	95092838
1245760879	90505351	74317937
1245760899	104923280	95092838
1245760899	90505351	74317937
1245760899	74776689	77463663
1245760919	90505351	74317937
1245760939	104923280	95092838
1245760939	90505351	74317937
1245760959	104923280	95092838
1245760959	90505351	74317937
1245760979	90505351	74317937
1245760999	104923280	95092838
1245760999	90505351	74317937
1245760999	77463663	74776689
1245761019	104923280	95092838
1245761019	90505351	74317937
1245761019	77463663	74776689
1245761039	104923280	95092838
1245761039	77463663	74776689
1245761059	74776689	77463663
1245761079	90505351	74317937
1245761099	104923280	95092838
1245761099	77463663	74776689
1245761119	74776689	77463663
1245761139	74776689	77463663
1245761159	104923280	95092838
1245761159	90505351	74317937
1245761159	74776689	77463663
1245761179	90505351	74317937
1245761179	77463663	74776689
1245761199	104923280	95092838
1245761199	90505351	74317937
1245761219	104923280	95092838
1245761219	86966410	100270176
1245761239	90505351	74317937
1245761239	86966410	100270176
1245761259	90505351	74317937
1245761259	86966410	100270176
1245761279	90505351	74317937
1245761279	86966410	100270176
1245761279	74776689	77463663
1245761319	86966410	100270176
1245761319	86966410	94699644
1245761319	100270176	94699644
1245761339	77463663	74776689
1245761339	86966410	100270176
1245761339	86966410	94699644
1245761339	100270176	94699644
1245761359	86966410	100270176
1245761359	86966410	94699644
1245761359	74776689	77463663
1245761359	100270176	94699644
1245761379	94699644	100270176
1245761379	94699644	86966410
1245761379	77463663	74776689
1245761379	86966410	100270176
1245761399	77463663	74776689
1245761399	86966410	100270176
1245761399	104333423	73269383
1245761419	94699644	100270176
1245761419	94699644	86966410
1245761419	86966410	100270176
1245761419	74776689	77463663
1245761439	77463663	74776689
1245761439	86966410	100270176
1245761439	86966410	94699644
1245761439	100270176	94699644
1245761459	94699644	100270176
1245761459	86966410	100270176
1245761459	104333423	73269383
1245761479	86966410	100270176
1245761479	104333423	73269383
1245761499	77463663	74776689
1245761499	86966410	100270176
1245761499	86966410	94699644
1245761499	100270176	94699644
1245761519	77463663	74776689
1245761519	86966410	100270176
1245761539	94699644	100270176
1245761539	94699644	86966410
1245761539	86966410	100270176
1245761539	74776689	77463663
1245761559	77463663	74776689
1245761559	86966410	100270176
1245761579	94699644	86966410
1245761579	86966410	100270176
1245761599	86966410	100270176
1245761599	100270176	94699644
1245761619	94699644	100270176
1245761619	94699644	86966410
1245761619	86966410	100270176
1245761639	94699644	100270176
1245761639	94699644	86966410
1245761639	77463663	74776689
1245761639	86966410	100270176
1245761639	104333423	73269383
1245761659	73269383	104333423
1245761659	74317937	104333423
1245761659	86966410	100270176
1245761659	74776689	77463663
1245761679	74317937	104333423
1245761679	86966410	100270176
1245761679	104333423	73269383
1245761679	104333423	90505351
1245761699	74317937	90505351
1245761699	86966410	100270176
1245761699	104333423	73269383
1245761699	73269383	90505351
1245761719	74317937	104333423
1245761719	86966410	100270176
1245761719	104333423	73269383
1245761739	74317937	104333423
1245761739	86966410	100270176
1245761739	104333423	73269383
1245761759	94699644	100270176
1245761759	94699644	86966410
1245761759	74317937	104333423
1245761759	74317937	90505351
1245761759	86966410	100270176
1245761779	90505351	104333423
1245761779	90505351	74317937
1245761779	74317937	104333423
1245761779	86966410	100270176
1245761779	86966410	94699644
1245761779	100270176	94699644
1245761799	74317937	104333423
1245761799	74317937	90505351
1245761799	86966410	100270176
1245761819	90505351	74317937
1245761819	74317937	104333423
1245761819	86966410	100270176
1245761839	74317937	104333423
1245761839	74317937	90505351
1245761839	86966410	100270176
1245761859	74317937	104333423
1245761859	74317937	90505351
1245761859	86966410	100270176
1245761879	90505351	74317937
1245761879	86966410	100270176
1245761879	104333423	73269383
1245761899	90505351	74317937
1245761899	86966410	100270176
1245761899	104333423	73269383
1245761919	86966410	100270176
1245761939	94699644	100270176
1245761939	74317937	90505351
1245761939	86966410	100270176
1245761959	90505351	74317937
1245761959	86966410	100270176
1245761959	104333423	73269383
1245761979	90505351	74317937
1245761979	86966410	100270176
1245761979	100270176	73269383
1245761999	86966410	100270176
1245762019	74317937	90505351
1245762019	86966410	100270176
1245762059	104333423	73269383
1245762059	74317937	90505351
1245762199	86966410	100270176
1245762239	100270176	86966410
1245762259	100270176	86966410
1245762279	86966410	100270176
1245762299	86966410	100270176
1245762319	86966410	100270176
1245762319	74514571	74776690
1245762319	74514571	77463664
1245762319	74776690	77463664
1245762339	104923281	74514571
1245762339	104923281	95092839
1245762339	104923281	74776690
1245762339	104923281	77463664
1245762339	95092839	74514571
1245762339	95092839	74776690
1245762339	95092839	77463664
1245762339	86966410	100270176
1245762339	74514571	74776690
1245762339	74514571	77463664
1245762339	74776690	77463664
1245762359	104923281	74514571
1245762359	104923281	74776690
1245762359	104923281	77463664
1245762359	86966410	100270176
1245762359	74514571	74776690
1245762359	74514571	77463664
1245762359	74776690	77463664
1245762379	104923281	74514571
1245762379	104923281	95092839
1245762379	104923281	74776690
1245762379	104923281	77463664
1245762379	95092839	74776690
1245762379	95092839	77463664
1245762379	95092839	74514571
1245762379	86966410	100270176
1245762379	74514571	74776690
1245762379	74514571	77463664
1245762379	74776690	77463664
1245762379	100270176	94699644
1245762399	104923281	74514571
1245762399	104923281	95092839
1245762399	104923281	74776690
1245762399	104923281	77463664
1245762399	95092839	74514571
1245762399	95092839	74776690
1245762399	95092839	77463664
1245762399	86966410	100270176
1245762399	74514571	74776690
1245762399	74514571	77463664
1245762399	74776690	77463664
1245762419	104923281	74514571
1245762419	104923281	95092839
1245762419	104923281	74776690
1245762419	104923281	77463664
1245762419	90505351	74317937
1245762419	95092839	74514571
1245762419	95092839	74776690
1245762419	95092839	77463664
1245762419	86966410	100270176
1245762419	74514571	74776690
1245762419	74514571	77463664
1245762439	104923281	74514571
1245762439	104923281	95092839
1245762439	104923281	74776690
1245762439	104923281	77463664
1245762439	90505351	74317937
1245762439	95092839	74776690
1245762439	95092839	77463664
1245762439	86966410	100270176
1245762439	74514571	74776690
1245762439	74776690	77463664
1245762459	104923281	95092839
1245762459	104923281	74776690
1245762459	90505351	74317937
1245762459	95092839	77463664
1245762459	86966410	100270176
1245762459	74514571	74776690
1245762479	104923281	74776690
1245762479	90505351	74317937
1245762479	95092839	74776690
1245762479	95092839	77463664
1245762479	86966410	100270176
1245762479	74514571	74776690
1245762479	74776690	77463664
1245762499	104923281	74776690
1245762499	104923281	77463664
1245762499	95092839	74776690
1245762499	86966410	100270176
1245762499	74514571	74776690
1245762499	74776690	77463664
1245762519	104923281	74776690
1245762519	90505351	74317937
1245762519	95092839	74514571
1245762519	95092839	74776690
1245762519	86966410	100270176
1245762519	74514571	74776690
1245762539	104923281	95092839
1245762539	104923281	74776690
1245762539	90505351	74317937
1245762539	95092839	74776690
1245762539	95092839	77463664
1245762539	86966410	100270176
1245762539	74776690	77463664
1245762559	104923281	95092839
1245762559	104923281	74776690
1245762559	104923281	77463664
1245762559	90505351	74317937
1245762559	95092839	74776690
1245762559	95092839	77463664
1245762559	86966410	100270176
1245762579	104923281	95092839
1245762579	104923281	74776690
1245762579	104923281	77463664
1245762579	95092839	74776690
1245762579	95092839	77463664
1245762579	86966410	100270176
1245762579	74776690	77463664
1245762599	104923281	95092839
1245762599	104923281	74776690
1245762599	90505351	74317937
1245762599	95092839	74776690
1245762599	95092839	77463664
1245762599	86966410	100270176
1245762599	74776690	77463664
1245762619	104923281	74776690
1245762619	95092839	74776690
1245762619	95092839	77463664
1245762619	74317937	90505351
1245762619	86966410	100270176
1245762619	74776690	77463664
1245762639	104923281	95092839
1245762639	104923281	74776690
1245762639	104923281	77463664
1245762639	95092839	74776690
1245762639	95092839	77463664
1245762639	74317937	90505351
1245762639	86966410	100270176
1245762639	74514571	74776690
1245762639	74776690	77463664
1245762659	104923281	74776690
1245762659	104923281	77463664
1245762659	95092839	74776690
1245762659	74317937	90505351
1245762659	86966410	100270176
1245762659	74776690	77463664
1245762679	104923281	74776690
1245762679	104923281	77463664
1245762679	95092839	74776690
1245762679	86966410	100270176
1245762699	95092839	74776690
1245762699	86966410	100270176
1245762719	104923281	95092839
1245762719	95092839	74776690
1245762719	95092839	77463664
1245762719	86966410	100270176
1245762739	104923281	74514571
1245762739	104923281	95092839
1245762739	104923281	74776690
1245762739	104923281	77463664
1245762739	95092839	74776690
1245762739	95092839	77463664
1245762739	86966410	100270176
1245762739	74776690	77463664
1245762759	104923281	74514571
1245762759	104923281	95092839
1245762759	104923281	74776690
1245762759	95092839	74776690
1245762759	86966410	100270176
1245762779	104923281	95092839
1245762779	104923281	74776690
1245762779	95092839	74776690
1245762779	95092839	77463664
1245762779	86966410	100270176
1245762799	104923281	74514571
1245762799	104923281	95092839
1245762799	104923281	74776690
1245762799	104923281	77463664
1245762799	76087412	104398966
1245762799	95092839	74514571
1245762799	95092839	74776690
1245762799	95092839	77463664
1245762799	74317937	90505351
1245762799	86966410	100270176
1245762799	74514571	74776690
1245762799	74776690	77463664
1245762819	104923281	74514571
1245762819	104923281	95092839
1245762819	104923281	74776690
1245762819	104923281	77463664
1245762819	76087412	104398966
1245762819	95092839	77463664
1245762819	86966410	100270176
1245762819	74514571	74776690
1245762819	74776690	77463664
1245762839	104923281	74514571
1245762839	104923281	95092839
1245762839	104923281	74776690
1245762839	104923281	77463664
1245762839	95092839	74776690
1245762839	95092839	77463664
1245762839	86966410	100270176
1245762839	74514571	74776690
1245762839	74514571	77463664
1245762839	74776690	77463664
1245762859	104923281	74514571
1245762859	104923281	95092839
1245762859	104923281	74776690
1245762859	104923281	77463664
1245762859	95092839	74776690
1245762859	95092839	77463664
1245762859	74317937	90505351
1245762859	86966410	100270176
1245762859	74514571	77463664
1245762859	74776690	77463664
1245762879	104923281	74514571
1245762879	104923281	74776690
1245762879	104923281	77463664
1245762879	95092839	74776690
1245762879	95092839	77463664
1245762879	86966410	100270176
1245762879	74514571	74776690
1245762879	74776690	77463664
1245762899	104923281	74776690
1245762899	104923281	77463664
1245762899	95092839	74776690
1245762899	95092839	77463664
1245762899	86966410	100270176
1245762899	74776690	77463664
1245762919	104923281	95092839
1245762919	104923281	74776690
1245762919	104923281	77463664
1245762919	95092839	74776690
1245762919	95158390	74776690
1245762919	86966410	100270176
1245762939	104923281	95092839
1245762939	104923281	74776690
1245762939	104923281	77463664
1245762939	95092839	74776690
1245762939	86966410	100270176
1245762939	74776690	77463664
1245762959	104923281	74514571
1245762959	95092839	74514571
1245762959	95092839	74776690
1245762959	95092839	77463664
1245762959	86966410	100270176
1245762959	74514571	74776690
1245762959	74776690	77463664
1245762979	104923281	74514571
1245762979	104923281	74776690
1245762979	104923281	77463664
1245762979	95092839	74776690
1245762979	95092839	77463664
1245762979	86966410	100270176
1245762999	104923281	95092839
1245762999	104923281	74776690
1245762999	104923281	77463664
1245762999	76087412	104398966
1245762999	95092839	74776690
1245762999	95092839	77463664
1245762999	95092839	74514571
1245762999	86966410	100270176
1245762999	74514571	74776690
1245762999	74776690	77463664
1245763019	95092839	74776690
1245763019	95092839	77463664
1245763019	86966410	100270176
1245763019	74514571	74776690
1245763019	74776690	77463664
1245763039	104923281	74514571
1245763039	104923281	95092839
1245763039	104923281	77463664
1245763039	95092839	74776690
1245763039	95092839	77463664
1245763039	86966410	100270176
1245763039	74514571	74776690
1245763039	74514571	77463664
1245763039	74776690	77463664
1245763059	104923281	74514571
1245763059	104923281	74776690
1245763059	104923281	77463664
1245763059	95092839	74514571
1245763059	95092839	74776690
1245763059	86966410	100270176
1245763059	74514571	74776690
1245763059	74776690	77463664
1245763079	104923281	74514571
1245763079	104923281	95092839
1245763079	104923281	74776690
1245763079	95092839	74514571
1245763079	95092839	74776690
1245763079	86966410	100270176
1245763099	104923281	74776690
1245763099	104923281	77463664
1245763099	95092839	74776690
1245763099	95092839	77463664
1245763099	86966410	100270176
1245763099	74514571	74776690
1245763099	74776690	77463664
1245763119	104923281	95092839
1245763119	104923281	74776690
1245763119	104923281	77463664
1245763119	76087412	104398966
1245763119	95092839	74776690
1245763119	86966410	100270176
1245763119	74776690	77463664
1245763139	104923281	74514571
1245763139	104923281	95092839
1245763139	104923281	74776690
1245763139	76087412	104398966
1245763139	86966410	100270176
1245763159	104923281	74514571
1245763159	104923281	95092839
1245763159	76087412	104398966
1245763159	95092839	74514571
1245763159	86966410	100270176
1245763159	74514571	77463664
1245763159	74776690	77463664
1245763179	104923281	74776690
1245763179	104923281	77463664
1245763179	95158390	77463664
1245763179	86966410	100270176
1245763199	104923281	74514571
1245763199	104923281	74776690
1245763199	86966410	100270176
1245763199	74776690	77463664
1245763219	104923281	74514571
1245763219	104923281	74776690
1245763219	104923281	77463664
1245763219	95092839	74514571
1245763219	95092839	74776690
1245763219	86966410	100270176
1245763219	74514571	74776690
1245763239	104923281	74514571
1245763239	104923281	95092839
1245763239	104923281	74776690
1245763239	104923281	77463664
1245763239	95092839	74514571
1245763239	86966410	100270176
1245763239	74514571	77463664
1245763259	104923281	74514571
1245763259	95092839	74776690
1245763259	95092839	77463664
1245763259	86966410	100270176
1245763259	74776690	77463664
1245763279	95092839	74776690
1245763279	95092839	77463664
1245763279	86966410	100270176
1245763279	74514571	74776690
1245763279	74776690	77463664
1245763299	104923281	95092839
1245763299	104923281	74776690
1245763299	95092839	74514571
1245763299	95092839	77463664
1245763299	86966410	100270176
1245763299	74514571	74776690
1245763319	104923281	74514571
1245763319	104923281	95092839
1245763319	104923281	74776690
1245763319	104923281	77463664
1245763319	76087412	104398966
1245763319	95092839	74514571
1245763319	95092839	74776690
1245763319	95092839	77463664
1245763319	86966410	100270176
1245763319	74514571	74776690
1245763319	74514571	77463664
1245763319	74776690	77463664
1245763339	104923281	74514571
1245763339	104923281	95092839
1245763339	104923281	74776690
1245763339	104923281	77463664
1245763339	95092839	74776690
1245763339	95092839	77463664
1245763339	95092839	74514571
1245763339	86966410	100270176
1245763339	74514571	74776690
1245763339	74514571	77463664
1245763339	74776690	77463664
1245763359	104923281	74514571
1245763359	104923281	95092839
1245763359	104923281	74776690
1245763359	95092839	74776690
1245763359	95092839	77463664
1245763359	86966410	100270176
1245763359	74514571	74776690
1245763359	74514571	77463664
1245763359	74776690	77463664
1245763379	104923281	74514571
1245763379	104923281	95092839
1245763379	104923281	74776690
1245763379	95092839	74514571
1245763379	95092839	74776690
1245763379	86966410	100270176
1245763379	74514571	74776690
1245763379	74514571	77463664
1245763379	74776690	77463664
1245763399	104923281	74514571
1245763399	104923281	95092839
1245763399	104923281	74776690
1245763399	104923281	77463664
1245763399	95092839	74514571
1245763399	95092839	74776690
1245763399	95092839	77463664
1245763399	86966410	100270176
1245763399	74514571	74776690
1245763399	74514571	77463664
1245763399	74776690	77463664
1245763419	104923281	74514571
1245763419	104923281	95092839
1245763419	104923281	74776690
1245763419	95092839	74776690
1245763419	95092839	77463664
1245763419	95092839	74514571
1245763419	86966410	100270176
1245763419	74514571	74776690
1245763419	74776690	77463664
1245763439	104923281	74514571
1245763439	104923281	95092839
1245763439	104923281	74776690
1245763439	104923281	77463664
1245763439	95092839	74776690
1245763439	95092839	77463664
1245763439	95092839	74514571
1245763439	86966410	100270176
1245763439	74514571	74776690
1245763439	74776690	77463664
1245763459	104923281	74776690
1245763459	104923281	77463664
1245763459	95092839	74514571
1245763459	86966410	100270176
1245763459	74776690	77463664
1245763479	104923281	74776690
1245763479	104923281	77463664
1245763479	95092839	74514571
1245763479	86966410	100270176
1245763479	74776690	77463664
1245763499	104923281	74514571
1245763499	104923281	74776690
1245763499	95092839	74514571
1245763499	86966410	100270176
1245763499	74776690	77463664
1245763519	104923281	95092839
1245763519	104923281	74776690
1245763519	95092839	74514571
1245763519	95092839	74776690
1245763519	95092839	77463664
1245763519	86966410	100270176
1245763519	74514571	74776690
1245763519	74514571	77463664
1245763519	74776690	77463664
1245763539	104923281	74514571
1245763539	104923281	74776690
1245763539	104923281	77463664
1245763539	94699644	86966410
1245763539	95092839	74514571
1245763539	95092839	74776690
1245763539	95092839	77463664
1245763539	86966410	100270176
1245763539	74514571	74776690
1245763539	74514571	77463664
1245763559	104923281	74514571
1245763559	104923281	95092839
1245763559	104923281	74776690
1245763559	104923281	77463664
1245763559	94699644	100270176
1245763559	95092839	74776690
1245763559	95092839	77463664
1245763559	86966410	100270176
1245763559	74514571	74776690
1245763559	74514571	77463664
1245763559	74776690	77463664
1245763579	104923281	74514571
1245763579	104923281	95092839
1245763579	104923281	74776690
1245763579	104923281	77463664
1245763579	95092839	74776690
1245763579	95092839	77463664
1245763579	86966410	100270176
1245763579	74514571	74776690
1245763579	74514571	77463664
1245763579	74776690	77463664
1245763599	86966410	100270176
1245763599	74514571	74776690
1245763599	74514571	77463664
1245763619	104923281	74514571
1245763619	104923281	95092839
1245763619	104923281	74776690
1245763619	104923281	77463664
1245763619	95092839	74776690
1245763619	95092839	77463664
1245763619	95092839	74514571
1245763619	86966410	100270176
1245763619	74514571	77463664
1245763619	74776690	77463664
1245763639	104923281	95092839
1245763639	94699644	100270176
1245763639	94699644	86966410
1245763639	76087412	104398966
1245763639	95092839	74776690
1245763639	95092839	77463664
1245763639	86966410	100270176
1245763659	94699644	100270176
1245763659	95092839	77463664
1245763659	86966410	100270176
1245763679	104923281	95092839
1245763679	104923281	74776690
1245763679	94699644	100270176
1245763679	95092839	74776690
1245763679	95092839	77463664
1245763679	86966410	100270176
1245763699	104923281	95092839
1245763699	94699644	100270176
1245763699	94699644	86966410
1245763699	95092839	74776690
1245763699	95092839	77463664
1245763699	86966410	100270176
1245763719	104923281	95092839
1245763719	104923281	74776690
1245763719	95092839	77463664
1245763719	86966410	100270176
1245763739	104923281	95092839
1245763739	94699644	100270176
1245763739	94699644	86966410
1245763739	95092839	77463664
1245763739	86966410	100270176
1245763759	104923281	95092839
1245763759	86966410	100270176
1245763759	74776690	77463664
1245763759	96075915	100991113
1245763779	104923281	77463664
1245763779	100991113	96075915
1245763779	86966410	100270176
1245763799	100991113	96075915
1245763799	86966410	100270176
1245763819	104923281	74514571
1245763819	104923281	95092839
1245763819	104923281	77463664
1245763819	100991113	96075915
1245763819	76087412	104398966
1245763819	95092839	77463664
1245763819	95092839	74514571
1245763819	86966410	100270176
1245763839	104923281	74514571
1245763839	104923281	77463664
1245763839	100991113	96075915
1245763839	76087412	104398966
1245763839	95092839	77463664
1245763839	86966410	100270176
1245763839	74514571	74776690
1245763839	74514571	77463664
1245763859	104923281	74514571
1245763859	104923281	77463664
1245763859	86966410	100270176
1245763859	74514571	77463664
1245763859	96075915	100991113
1245763879	104923281	74514571
1245763879	104923281	95092839
1245763879	104923281	77463664
1245763879	95092839	74776690
1245763879	95092839	77463664
1245763879	86966410	100270176
1245763879	105906289	99876974
1245763879	74514571	74776690
1245763899	104923281	74514571
1245763899	104923281	77463664
1245763899	100991113	96075915
1245763899	76087412	104398966
1245763899	95092839	77463664
1245763899	86966410	100270176
1245763899	105906289	99876974
1245763899	74514571	74776690
1245763899	73269384	104333424
1245763919	104923281	74514571
1245763919	104923281	95092839
1245763919	104923281	77463664
1245763919	95092839	77463664
1245763919	86966410	100270176
1245763919	105906289	99876974
1245763919	74514571	77463664
1245763919	96075915	100991113
1245763939	104923281	74514571
1245763939	104923281	74776690
1245763939	100991113	96075915
1245763939	77463664	74514571
1245763939	77463664	74776690
1245763939	86966410	100270176
1245763939	105906289	99876974
1245763939	74514571	74776690
1245763959	104923281	77463664
1245763959	77463664	74514571
1245763959	86966410	100270176
1245763959	105906289	99876974
1245763959	96075915	100991113
1245763979	100991113	96075915
1245763979	77463664	74514571
1245763979	77463664	74776690
1245763979	86966410	100270176
1245763979	105906289	99876974
1245763979	74514571	74776690
1245763999	100991113	96075915
1245763999	76087412	104398966
1245763999	95092839	77463664
1245763999	86966410	100270176
1245763999	105906289	99876974
1245763999	74514571	74776690
1245764019	104923281	95092839
1245764019	104923281	77463664
1245764019	100991113	96075915
1245764019	95092839	74776690
1245764019	86966410	100270176
1245764019	105906289	99876974
1245764019	74514571	74776690
1245764019	74514571	77463664
1245764019	74776690	77463664
1245764039	104923281	74514571
1245764039	104923281	74776690
1245764039	100991113	96075915
1245764039	95092839	74776690
1245764039	95092839	77463664
1245764039	77463664	74514571
1245764039	77463664	74776690
1245764039	86966410	100270176
1245764039	105906289	99876974
1245764059	104923281	74514571
1245764059	104923281	95092839
1245764059	104923281	77463664
1245764059	95092839	74514571
1245764059	95092839	77463664
1245764059	86966410	100270176
1245764059	105906289	99876974
1245764059	74776690	77463664
1245764079	104923281	77463664
1245764079	76087412	104398966
1245764079	95092839	77463664
1245764079	86966410	100270176
1245764079	105906289	99876974
1245764079	74514571	77463664
1245764079	74776690	77463664
1245764079	104333424	73269384
1245764099	104923281	74776690
1245764099	76087412	104398966
1245764099	86966410	100270176
1245764099	74776690	77463664
1245764099	73269384	104333424
1245764119	104923281	74776690
1245764119	104923281	77463664
1245764119	77463664	74514571
1245764119	77463664	74776690
1245764119	86966410	100270176
1245764119	96075915	100991113
1245764139	104923281	74514571
1245764139	104923281	74776690
1245764139	104923281	77463664
1245764139	95092839	74514571
1245764139	77463664	74776690
1245764139	77463664	74514571
1245764139	86966410	100270176
1245764159	104923281	74514571
1245764159	104923281	74776690
1245764159	86966410	100270176
1245764159	74514571	74776690
1245764159	74514571	77463664
1245764159	74776690	77463664
1245764179	104923281	74514571
1245764179	104923281	74776690
1245764179	104923281	77463664
1245764179	94699644	86966410
1245764179	95092839	74514571
1245764179	77463664	74776690
1245764179	86966410	100270176
1245764179	105906289	99876974
1245764199	104923281	74514571
1245764199	104923281	95092839
1245764199	104923281	74776690
1245764199	95092839	74776690
1245764199	95092839	74514571
1245764199	86966410	100270176
1245764199	105906289	99876974
1245764199	74514571	74776690
1245764219	104923281	74514571
1245764219	104923281	74776690
1245764219	86966410	100270176
1245764219	105906289	99876974
1245764219	105906289	74776690
1245764219	74514571	74776690
1245764219	74776690	77463664
1245764239	94699644	100270176
1245764239	94699644	86966410
1245764239	95092839	74514571
1245764239	86966410	100270176
1245764239	105906289	99876974
1245764239	74514571	77463664
1245764239	74776690	77463664
1245764259	104923281	74514571
1245764259	104923281	74776690
1245764259	77463664	74776690
1245764259	86966410	100270176
1245764259	86966410	94699644
1245764259	105906289	99876974
1245764259	100270176	94699644
1245764279	104923281	74514571
1245764279	104923281	77463664
1245764279	86966410	100270176
1245764279	105906289	99876974
1245764279	100270176	94699644
1245764299	94699644	100270176
1245764299	94699644	86966410
1245764299	95158390	104333424
1245764299	86966410	100270176
1245764299	105906289	99876974
1245764299	74776690	77463664
1245764319	104923281	74776690
1245764319	95092839	74776690
1245764319	95092839	77463664
1245764319	95158390	104333424
1245764319	86966410	100270176
1245764319	86966410	94699644
1245764319	105906289	99876974
1245764319	74514571	74776690
1245764319	74776690	77463664
1245764319	100270176	94699644
1245764339	104923281	74776690
1245764339	95092839	74776690
1245764339	86966410	100270176
1245764339	105906289	99876974
1245764339	74514571	74776690
1245764359	104923281	74514571
1245764359	104923281	74776690
1245764359	95092839	74514571
1245764359	77463664	74514571
1245764359	86966410	100270176
1245764359	105906289	99876974
1245764379	104923281	74776690
1245764379	104923281	77463664
1245764379	77463664	74514571
1245764379	86966410	100270176
1245764379	105906289	99876974
1245764379	96075915	100991113
1245764399	104923281	74514571
1245764399	104923281	74776690
1245764399	104923281	77463664
1245764399	95092839	74776690
1245764399	95158390	104333424
1245764399	86966410	100270176
1245764399	105906289	99876974
1245764399	74514571	77463664
1245764419	104923281	74776690
1245764419	95092839	74776690
1245764419	95158390	104333424
1245764419	86966410	100270176
1245764419	105906289	99876974
1245764439	104923281	74776690
1245764439	104923281	77463664
1245764439	95092839	77463664
1245764439	77463664	74514571
1245764439	77463664	74776690
1245764439	86966410	100270176
1245764439	105906289	99876974
1245764459	104923281	74514571
1245764459	104923281	95092839
1245764459	104923281	77463664
1245764459	94699644	100270176
1245764459	94699644	86966410
1245764459	95092839	74776690
1245764459	77463664	74776690
1245764459	86966410	100270176
1245764459	105906289	99876974
1245764479	104923281	74514571
1245764479	104923281	95092839
1245764479	104923281	74776690
1245764479	73597067	96993400
1245764479	73597067	101843066
1245764479	94699644	100270176
1245764479	96993400	101843066
1245764479	95092839	74776690
1245764479	95092839	77463664
1245764479	77463664	74514571
1245764479	77463664	74776690
1245764479	86966410	100270176
1245764479	105906289	99876974
1245764479	74514571	74776690
1245764499	104923281	74776690
1245764499	73597067	96993401
1245764499	73597067	101843067
1245764499	96993401	101843067
1245764499	95092839	74776690
1245764499	95092839	77463664
1245764499	86966410	100270176
1245764499	86966410	94699644
1245764499	105906289	99876974
1245764519	104923281	74514571
1245764519	104923281	74776690
1245764519	73597067	96993401
1245764519	73597067	101843067
1245764519	94699644	104333424
1245764519	94699644	100270176
1245764519	94699644	86966410
1245764519	96993401	101843067
1245764519	95092839	74776690
1245764519	86966410	100270176
1245764519	105906289	99876974
1245764519	104333424	100270176
1245764539	104923281	74514571
1245764539	104923281	95092839
1245764539	104923281	74776690
1245764539	73597067	101843067
1245764539	96993401	101843067
1245764539	95092839	74776690
1245764539	95092839	77463664
1245764539	95092839	74514571
1245764539	77463664	74776690
1245764539	86966410	100270176
1245764539	105906289	99876974
1245764539	100270176	94699644
1245764559	104923281	74514571
1245764559	104923281	95092839
1245764559	104923281	74776690
1245764559	104923281	77463664
1245764559	73597067	96993401
1245764559	73597067	101843067
1245764559	94699644	100270176
1245764559	94699644	86966410
1245764559	96993401	101843067
1245764559	95092839	74776690
1245764559	77463664	74514571
1245764559	86966410	100270176
1245764559	105906289	99876974
1245764579	104923281	95092839
1245764579	104923281	74776690
1245764579	73597067	96993401
1245764579	73597067	101843067
1245764579	96993401	101843067
1245764579	95092839	74514571
1245764579	95092839	74776690
1245764579	86966410	100270176
1245764579	105906289	100270176
1245764579	105906289	99876974
1245764599	104923281	74776690
1245764599	73597067	101843067
1245764599	96993401	101843067
1245764599	77463664	74776690
1245764599	86966410	100270176
1245764599	105906289	99876974
1245764619	104923281	74776690
1245764619	104923281	77463664
1245764619	73597067	101843067
1245764619	90505352	74973282
1245764619	90505352	74317938
1245764619	95092839	74776690
1245764619	95092839	77463664
1245764619	74317938	74973282
1245764619	86966410	100270176
1245764619	105906289	99876974
1245764619	74514571	74776690
1245764619	74776690	77463664
1245764619	100270176	94699644
1245764639	73597067	101843067
1245764639	94699644	105906289
1245764639	94699644	100270176
1245764639	77463664	95092839
1245764639	77463664	74776690
1245764639	95092839	74776690
1245764639	74317938	74973282
1245764639	74317938	90505352
1245764639	86966410	100270176
1245764639	105906289	99876974
1245764639	74514571	74776690
1245764639	90505352	74973282
1245764659	104923281	74776690
1245764659	104923281	77463664
1245764659	73597067	96993401
1245764659	77463664	95092839
1245764659	77463664	74776690
1245764659	77463664	74514571
1245764659	95092839	74776690
1245764659	74317938	74973282
1245764659	74317938	90505352
1245764659	86966410	100270176
1245764659	105906289	99876974
1245764659	74514571	74776690
1245764659	74973282	90505352
1245764679	104923281	77463664
1245764679	73597067	96993401
1245764679	73597067	101843067
1245764679	95092839	74776690
1245764679	95092839	77463664
1245764679	74317938	74973282
1245764679	86966410	100270176
1245764679	105906289	99876974
1245764679	74514571	74776690
1245764679	74776690	77463664
1245764679	90505352	74973282
1245764699	104923281	77463664
1245764699	73597067	101843067
1245764699	77463664	95092839
1245764699	77463664	74776690
1245764699	95092839	74776690
1245764699	86966410	100270176
1245764699	105906289	99876974
1245764719	104923281	95092839
1245764719	104923281	77463664
1245764719	73597067	96993401
1245764719	73597067	101843067
1245764719	90505352	74973282
1245764719	96993401	101843067
1245764719	95092839	74776690
1245764719	95092839	77463664
1245764719	86966410	100270176
1245764719	86966410	94699644
1245764719	105906289	99876974
1245764719	74776690	100270176
1245764719	100991113	96075915
1245764719	100270176	94699644
1245764739	104923281	100270176
1245764739	104923281	95092839
1245764739	104923281	77463664
1245764739	104923281	86966410
1245764739	73597067	101843067
1245764739	100991113	96075915
1245764739	96993401	101843067
1245764739	95092839	74776690
1245764739	95092839	77463664
1245764739	86966410	100270176
1245764739	105906289	99876974
1245764739	74973282	90505352
1245764759	104923281	95092839
1245764759	104923281	77463664
1245764759	95092839	74776690
1245764759	86966410	100270176
1245764759	105906289	99876974
1245764759	74776690	77463664
1245764759	100991113	96075915
1245764759	74973282	90505352
1245764779	104923281	74514571
1245764779	104923281	95092839
1245764779	104923281	77463664
1245764779	90505352	74973282
1245764779	77463664	95092839
1245764779	77463664	74514571
1245764779	95092839	74776690
1245764779	86966410	100270176
1245764779	105906289	99876974
1245764799	104923281	74514571
1245764799	104923281	95092839
1245764799	104923281	77463664
1245764799	73597067	96993401
1245764799	73597067	101843067
1245764799	90505352	74973282
1245764799	77463664	74514571
1245764799	95092839	74776690
1245764799	86966410	100270176
1245764799	105906289	99876974
1245764819	94699644	100270176
1245764819	95092839	104923281
1245764819	95092839	74776690
1245764819	86966410	100270176
1245764819	104923281	74514571
1245764819	105906289	99876974
1245764819	90505352	74973282
1245764819	74514571	74776690
1245764839	101843067	99876974
1245764839	77463664	95092839
1245764839	77463664	74776690
1245764839	95092839	104923281
1245764839	95092839	74776690
1245764839	95092839	74514571
1245764839	86966410	100270176
1245764839	104923281	74514571
1245764839	104923281	74776690
1245764839	105906289	99876974
1245764839	90505352	74973282
1245764859	77463664	95092839
1245764859	77463664	74776690
1245764859	95092839	74776690
1245764859	86966410	100270176
1245764859	104923281	74514571
1245764859	105906289	99876974
1245764859	90505352	74973282
1245764879	100991113	96075915
1245764879	77463664	95092839
1245764879	77463664	74776690
1245764879	94699644	100270176
1245764879	95092839	74776690
1245764879	86966410	100270176
1245764879	104923281	74514571
1245764879	105906289	99876974
1245764879	90505352	74973282
1245764899	100991113	96075915
1245764899	101843067	96993401
1245764899	101843067	73597067
1245764899	77463664	95092839
1245764899	77463664	74776690
1245764899	94699644	100270176
1245764899	95092839	74776690
1245764899	86966410	100270176
1245764899	104923281	74514571
1245764899	105906289	99876974
1245764899	90505352	74973282
1245764919	100991113	96075915
1245764919	101843067	96993401
1245764919	101843067	100270176
1245764919	101843067	73597067
1245764919	77463664	74776690
1245764919	86966410	100270176
1245764919	86966410	73597067
1245764919	96993401	73597067
1245764919	105906289	99876974
1245764919	73597067	100270176
1245764919	90505352	74973282
1245764939	101843067	73597067
1245764939	77463664	104923281
1245764939	77463664	74776690
1245764939	86966410	100270176
1245764939	105906289	99876974
1245764939	73597067	100270176
1245764939	90505352	74973282
1245764959	101843067	73597067
1245764959	77463664	74776690
1245764959	94699644	100270176
1245764959	94699644	86966410
1245764959	78381174	104333424
1245764959	86966410	100270176
1245764959	105906289	99876974
1245764959	73269384	73597067
1245764959	90505352	74973282
1245764979	101843067	100270176
1245764979	101843067	73597067
1245764979	101843067	73269384
1245764979	101843067	86966410
1245764979	77463664	104923281
1245764979	77463664	95092839
1245764979	95092839	104923281
1245764979	95092839	74776690
1245764979	95092839	74514571
1245764979	86966410	100270176
1245764979	104923281	74776690
1245764979	105906289	99876974
1245764979	73597067	100270176
1245764979	90505352	74973282
1245764999	101843067	100270176
1245764999	101843067	73597067
1245764999	77463664	104923281
1245764999	77463664	74776690
1245764999	94699644	100270176
1245764999	95092839	74776690
1245764999	86966410	100270176
1245764999	105906289	99876974
1245764999	73269384	73597067
1245764999	73597067	100270176
1245764999	90505352	74973282
1245765019	100991113	96075915
1245765019	77463664	104923281
1245765019	77463664	95092839
1245765019	77463664	74776690
1245765019	94699644	100270176
1245765019	86966410	100270176
1245765019	104923281	74776690
1245765019	90505352	74973282
1245765039	100991113	96075915
1245765039	95158390	100270176
1245765039	95158390	86966410
1245765039	101843067	73269384
1245765039	77463664	104923281
1245765039	77463664	95092839
1245765039	77463664	74776690
1245765039	77463664	74514571
1245765039	94699644	100270176
1245765039	94699644	86966410
1245765039	95092839	104923281
1245765039	86966410	100270176
1245765039	74514571	74776690
1245765059	100991113	96075915
1245765059	78381174	94699644
1245765059	78381174	86966410
1245765059	101843067	73597067
1245765059	77463664	74514571
1245765059	86966410	100270176
1245765079	100991113	96075915
1245765079	101843067	105906289
1245765079	77463664	74514571
1245765079	77463664	74776690
1245765079	94699644	100270176
1245765079	86966410	100270176
1245765079	105906289	99876974
1245765079	90505352	74973282
1245765079	74514571	74776690
1245765099	100991113	96075915
1245765099	101843067	73597067
1245765099	101843067	94699644
1245765099	77463664	74514571
1245765099	77463664	99876974
1245765099	94699644	100270176
1245765099	94699644	86966410
1245765099	95092839	104923281
1245765099	95092839	74776690
1245765099	86966410	100270176
1245765099	104923281	74776690
1245765099	96993401	73597067
1245765099	105906289	99876974
1245765099	74514571	99876974
1245765099	74514571	74776690
1245765099	99876974	74776690
1245765119	77463664	74514571
1245765119	77463664	74776690
1245765119	77463664	104923281
1245765119	94699644	100270176
1245765119	94699644	86966410
1245765119	95092839	104923281
1245765119	95092839	74776690
1245765119	95092839	74514571
1245765119	86966410	104333424
1245765119	86966410	100270176
1245765119	74514571	74776690
1245765139	100991113	96075915
1245765139	101843067	96993401
1245765139	77463664	74514571
1245765139	77463664	74776690
1245765139	95092839	74514571
1245765139	95092839	104923281
1245765139	86966410	100270176
1245765139	90505352	74973282
1245765139	74514571	74776690
1245765159	100991113	96075915
1245765159	101843067	96993401
1245765159	101843067	73597067
1245765159	77463664	74514571
1245765159	77463664	74776690
1245765159	95092839	104923281
1245765159	95092839	74776690
1245765159	86966410	100270176
1245765159	90505352	74973282
1245765159	74317938	100270176
1245765179	100991113	96075915
1245765179	101843067	96993401
1245765179	77463664	74776690
1245765179	94699644	100270176
1245765179	86966410	100270176
1245765179	105906289	99876974
1245765179	90505352	74973282
1245765199	100991113	96075915
1245765199	101843067	96993401
1245765199	77463664	74776690
1245765199	94699644	100270176
1245765199	94699644	86966410
1245765199	95092839	74776690
1245765199	86966410	100270176
1245765199	86966410	73269384
1245765199	104923281	74776690
1245765199	73269384	100270176
1245765199	90505352	74973282
1245765219	100991113	96075915
1245765219	101843067	96993401
1245765219	94699644	100270176
1245765219	95092839	74776690
1245765219	86966410	100270176
1245765219	104923281	74776690
1245765219	96993401	73597067
1245765219	105906289	99876974
1245765219	73269384	100270176
1245765219	90505352	74973282
1245765239	100991113	96075915
1245765239	101843067	73597067
1245765239	77463664	74776690
1245765239	95092839	74776690
1245765239	86966410	100270176
1245765239	86966410	73269384
1245765239	73269384	100270176
1245765239	90505352	74973282
1245765259	100991113	96075915
1245765259	101843067	96993401
1245765259	86966410	100270176
1245765259	105906289	99876974
1245765259	74514571	74776690
1245765279	100991113	96075915
1245765279	95092839	74776690
1245765279	86966410	100270176
1245765279	105906289	99876974
1245765279	73269384	100270176
1245765299	100991113	96075915
1245765299	101843067	73597067
1245765299	77463664	74776690
1245765299	95092839	74776690
1245765299	86966410	100270176
1245765299	86966410	73269384
1245765299	105906289	99876974
1245765299	73269384	100270176
1245765319	100991113	96075915
1245765319	86966410	100270176
1245765319	105906289	99876974
1245765339	100991113	96075915
1245765339	101843067	96993401
1245765339	86966410	100270176
1245765339	104923281	74776690
1245765339	105906289	99876974
1245765339	90505352	74973282
1245765359	100991113	96075915
1245765359	101843067	96993401
1245765359	101843067	74973282
1245765359	101843067	73597067
1245765359	77463664	74776690
1245765359	86966410	100270176
1245765359	86966410	73269384
1245765359	104923281	74776690
1245765359	105906289	99876974
1245765359	90505352	74973282
1245765379	100991113	96075915
1245765379	101843067	96993401
1245765379	77463664	74776690
1245765379	86966410	100270176
1245765379	104923281	74776690
1245765399	100991113	96075915
1245765399	95158390	104530052
1245765399	101843067	96993401
1245765399	101843067	73597067
1245765399	77463664	74776690
1245765399	98304114	73269384
1245765399	74514571	74776690
1245765419	104923281	74776690
1245765419	73597067	96993401
1245765419	90505352	74973282
1245765419	74776690	77463664
1245765419	100991113	96075915
1245765439	86966410	100270176
1245765439	104923281	74776690
1245765439	96993401	73597067
1245765439	105906289	99876974
1245765459	101843067	96993401
1245765459	101843067	74973282
1245765459	101843067	73597067
1245765459	101843067	90505352
1245765459	95092839	104923281
1245765459	95092839	74776690
1245765459	86966410	100270176
1245765459	104923281	74776690
1245765459	96993401	73597067
1245765459	105906289	99876974
1245765459	73597067	90505352
1245765459	90505352	74973282
1245765459	74514571	74776690
1245765479	101843067	96993401
1245765479	101843067	73597067
1245765479	101843067	90505352
1245765479	77463664	74514571
1245765479	77463664	74776690
1245765479	95092839	74776690
1245765479	86966410	100270176
1245765479	104923281	74514571
1245765479	104923281	74776690
1245765479	96993401	73597067
1245765479	96993401	90505352
1245765479	105906289	99876974
1245765479	73597067	90505352
1245765479	90505352	74973282
1245765479	74514571	74776690
1245765499	104923281	74776690
1245765499	73597067	96993401
1245765499	73597067	90505352
1245765499	90505352	96993401
1245765499	90505352	101843067
1245765499	95092839	74514571
1245765499	95092839	74776690
1245765499	74514571	74776690
1245765499	74514571	77463664
1245765499	74776690	77463664
1245765519	95092839	74514571
1245765519	95092839	74776690
1245765519	78381174	105906289
1245765519	78381174	99876974
1245765519	86966410	100270176
1245765519	86966410	94699644
1245765519	105906289	99876974
1245765519	74514571	77463664
1245765539	104923281	74514571
1245765539	104923281	95092839
1245765539	104923281	74776690
1245765539	100991113	99876974
1245765539	100991113	96075915
1245765539	100991113	78381174
1245765539	100270176	86966410
1245765539	95092839	74776690
1245765539	78381174	96075915
1245765539	105906289	99876974
1245765539	74514571	74776690
1245765559	100991113	78381174
1245765559	78381174	96075915
1245765559	86966410	100270176
1245765559	105906289	99876974
1245765559	74514571	74776690
1245765579	95092839	74514571
1245765579	86966410	100270176
1245765579	105906289	99876974
1245765579	74514571	74776690
1245765579	74514571	77463664
1245765599	94699644	86966410
1245765599	95092839	74514571
1245765599	86966410	100270176
1245765599	74514571	77463664
1245765619	95158390	104333424
1245765619	86966410	100270176
1245765639	94699644	100270176
1245765639	94699644	86966410
1245765639	95158390	104333424
1245765639	86966410	100270176
1245765659	104923281	95092839
1245765659	94699644	100270176
1245765659	94699644	86966410
1245765659	95092839	74776690
1245765659	86966410	100270176
1245765679	94699644	86966410
1245765679	86966410	100270176
1245765699	104923281	74514571
1245765699	104923281	95092839
1245765699	95092839	74514571
1245765699	74514571	77463664
1245765719	104923281	74514571
1245765719	104923281	95092839
1245765719	104923281	77463664
1245765719	74514571	74776690
1245765739	104923281	74514571
1245765739	104923281	77463664
1245765759	104923281	74514571
1245765759	104923281	77463664
1245765779	104923281	74514571
1245765779	104923281	77463664
1245765799	104923281	74514571
1245765799	104923281	77463664
1245765799	95092839	74514571
1245765799	95092839	77463664
1245765799	74514571	74776690
1245765799	74514571	77463664
1245765819	104923281	74514571
1245765819	104923281	74776690
1245765819	104923281	77463664
1245765819	74514571	74776690
1245765819	74514571	77463664
1245765819	74776690	77463664
1245765839	104923281	74514571
1245765839	74514571	74776690
1245765859	104923281	74776690
1245765859	104923281	77463664
1245765859	74514571	74776690
1245765859	74776690	77463664
1245765879	104923281	74514571
1245765879	74514571	74776690
1245765879	74776690	77463664
1245765899	104923281	74514571
1245765899	104923281	77463664
1245765919	104923281	74514571
1245765919	104923281	74776690
1245765939	104923281	74776690
1245765939	74514571	74776690
1245765939	74776690	77463664
1245765959	104923281	74514571
1245765959	74514571	74776690
1245765959	74514571	77463664
1245765959	74776690	77463664
1245765979	104923281	74514571
1245765979	104923281	74776690
1245765979	104923281	77463664
1245765979	74514571	74776690
1245765979	74514571	77463664
1245765979	74776690	77463664
1245765999	104923281	74514571
1245765999	74514571	77463664
1245766199	96993402	74514572
1245766219	96993402	74514572
1245766259	96993402	74514572
1245766659	96993402	74514572
1245766679	74514572	96993402
1245766779	96993402	74514572
1245766779	74514572	105906289
1245766799	96993402	105906289
1245766859	96993402	105906289
1245766879	76087413	74317939
1245766899	96993402	74514572
1245766899	76087413	74317939
1245766919	96993402	74514572
1245766919	76087413	74317939
1245766959	74317939	105906289
1245766979	76087413	105906289
1245766979	74317939	105906289
1245766999	74317939	105906289
1245767039	76087413	74317939
1245767059	105906289	104530052
1245767079	76087413	74317939
1245767099	76087413	74317939
1245767279	96993402	74514572
1245767299	96993402	74514572
1245767319	96993402	74514572
1245767339	96993402	74514572
1245767399	76087413	74317939
1245767439	105906290	83558506
1245767459	105906290	104333425
1245767459	105906290	83558506
1245767459	104333425	83558506
1245767479	105906290	104333425
1245767479	105906290	83558506
1245767479	104333425	83558506
1245767499	104333425	104398967
1245767539	94503022	104333425
1245767539	83558506	105906290
1245767539	105906290	104333425
1245767559	104333425	104398967
1245767579	94503022	104333425
1245767579	76087413	74317939
1245767639	94503022	104333425
1245767639	94503022	104398967
1245767639	104333425	104398967
1245767699	96993402	74514572
1245767719	105906290	83558506
1245767719	104333425	83558506
1245767739	96993402	74514572
1245767739	104333425	104398967
1245767759	94503022	104398967
1245767759	104333425	104398967
1245767779	94503022	104398967
1245767799	94503022	104333425
1245767799	94503022	104398967
1245767879	105906290	104398967
1245768019	96993402	74514572
1245768139	96993402	74514572
1245768179	105906290	83558506
1245768219	105906290	83558506
1245768219	104398967	104333425
1245768239	104333425	83558506
1245768259	94503022	104398967
1245768339	104333425	83558506
1245768339	104398967	83558506
1245768359	94503022	104398967
1245768359	104398967	83558506
1245768379	96993402	74514572
1245768399	96993402	74514572
1245768479	100270177	104530053
1245768499	100270177	104530053
1245768519	104530053	100270177
1245768539	83558506	104398967
1245768539	105906290	104398967
1245768539	100270177	104530053
1245768559	104530053	100270177
1245768559	104398967	83558506
1245768579	104530053	100270177
1245768579	104398967	83558506
1245768599	104530053	100270177
1245768639	105906290	83558506
1245768659	83558506	104333425
1245768679	105906290	104333425
1245768699	105906290	104333425
1245768719	105906290	104333425
1245768719	105906290	83558506
1245768719	104333425	104398967
1245768779	104530053	100270177
1245768799	104530053	100270177
1245768799	105906290	83558506
1245768799	104333425	104398967
1245768819	104333425	104398967
1245768819	105906290	104398967
1245768839	105906290	104398967
1245768839	104333425	104398967
1245768839	100270177	104530053
1245768859	104530053	100270177
1245768859	104333425	105906290
1245768879	100270177	104530053
1245768899	105906290	104333425
1245768919	100270177	104530053
1245768979	96993402	74514572
1245768979	105906290	100270177
1245768999	105906290	83558506
1245769019	94503022	104333425
1245769019	83558506	104333425
1245769019	100270177	104530053
1245769039	94503022	104333425
1245769039	94503022	105906290
1245769039	94503022	83558506
1245769039	83558506	104333425
1245769039	83558506	105906290
1245769039	83558506	104398967
1245769039	105906290	104333425
1245769039	105906290	104398967
1245769039	104333425	104398967
1245769039	100270177	104530053
1245769059	83558506	104333425
1245769059	96993402	74514572
1245769059	100270177	104530053
1245769079	96993402	74514572
1245769139	100270177	104530053
1245769159	100270177	104530053
1245769179	100270177	104530053
1245769259	100270177	104530053
1245769279	100270177	104530053
1245769319	100270177	104530053
1245769359	76087413	74317939
1245769379	100270177	104530053
1245769399	100270177	104530053
1245769419	76087413	74317939
1245769419	100270177	104530053
1245769439	100270177	104530053
1245769719	96993402	74514572
1245769739	76087414	78381175
1245769779	96993402	74514572
1245769799	96993402	74514572
1245769819	96993402	74514572
1245769839	73597068	74317940
1245769839	96993402	74514572
1245769859	73597068	74317940
1245769879	73597068	74317940
1245769879	96993402	74514572
1245769899	104530053	100270177
1245769919	95158391	96075916
1245769939	95158391	96075916
1245769959	95158391	96075916
1245769979	96993402	74514572
1245769979	95158391	96075916
1245769999	96993402	74514572
1245769999	95158391	96075916
1245770019	95158391	96075916
1245770039	95158391	96075916
1245770059	73597068	95158391
1245770059	95158391	96075916
1245770079	73597068	96075916
1245770099	73597068	74317940
1245770099	95158391	96075916
1245770119	73597068	74317940
1245770119	95158391	96075916
1245770119	104530053	100270177
1245770139	73597068	74317940
1245770139	95158391	96075916
1245770139	104530053	100270177
1245770179	73597068	74317940
1245770179	96075916	95158391
1245770199	73597068	74317940
1245770219	73597068	74317940
1245770219	95158391	96075916
1245770219	96993402	74514572
1245770219	104530053	100270177
1245770239	73597068	74317940
1245770239	96993402	74514572
1245770239	95158391	96075916
1245770259	73597068	74317940
1245770259	95158391	96075916
1245770319	73597068	74317940
1245770339	73597068	74317940
1245770359	96993402	74514572
1245770359	104530053	100270177
1245770379	104530053	100270177
1245770399	73597068	74317940
1245770399	78381175	74317940
1245770399	100270177	104530053
1245770439	73597068	74317940
1245770459	73597068	74317940
1245770459	100270177	104530053
1245770479	73597068	74317940
1245770519	73597068	74317940
1245770539	73597068	74317940
1245770579	100270177	104530053
1245770599	73597068	74317940
1245770599	100270177	104530053
1245770639	100270177	104530053
1245770699	73597068	74317940
1245770699	95158391	96075916
1245770699	104530053	100270177
1245770719	73597068	74317940
1245770719	100270177	104530053
1245770739	73597068	74317940
1245770779	73597068	74317940
1245770799	73597068	74317940
1245770819	73597068	74317940
1245770839	73597068	74317940
1245770839	100270177	104530053
1245770859	73597068	74317940
1245770879	73597068	74317940
1245770919	73597068	74317940
1245770939	73597068	74317940
1245770959	73597068	74317940
1245770979	73597068	78381175
1245770979	78381175	74317940
1245770999	73597068	78381175
1245770999	73597068	74317940
1245771019	78381175	74317940
1245771059	73597068	78381175
1245771059	95158391	96075916
1245771079	95158391	96075916
1245771119	95158391	96075916
1245771139	95158391	96075916
1245771159	73597068	78381175
1245771399	73597068	78381175
1245771399	73597068	74317940
1245771499	73597068	78381175
1245771499	73597068	74317940
1245771499	78381175	74317940
1245771499	95158391	96075916
1245771519	73597068	78381175
1245771519	95158391	96075916
1245771539	73597068	74317940
1245771559	73597068	74317940
1245771579	73597068	74317940
1245771599	73597068	74317940
1245771619	73597068	74317940
1245771619	95158391	96075916
1245771639	73597068	74317940
1245771639	96075916	95158391
1245771659	95158391	96075916
1245771699	73597068	78381175
1245771699	95158391	96075916
1245771719	73597068	74317940
1245771719	96075916	95158391
1245771739	73597068	74317940
1245771739	95158391	96075916
1245771759	73597068	74317940
1245771759	96075916	95158391
1245771819	96075916	95158391
1245771839	96075916	95158391
1245771859	95158391	96075916
1245771899	73597068	74317940
1245771899	78381175	74317940
1245771919	73597068	74317940
1245771919	96075916	95158391
1245771939	73597068	74317940
1245771939	95158391	96075916
1245771959	95158391	96075916
1245771979	95158391	96075916
1245771999	95158391	96075916
1245772019	95158391	96075916
1245772039	96075916	95158391
1245772059	95158391	96075916
1245772079	95158391	96075916
1245772099	96075916	95158391
1245772119	95158391	96075916
1245772139	95158391	96075916
1245772159	96075916	95158391
1245772179	95158391	96075916
1245772199	73597068	74317940
1245772199	95158391	96075916
1245772219	96075916	95158391
1245772239	73597068	74317940
1245772259	73597068	74317940
1245772259	95158391	96075916
1245772299	73597068	74317940
1245772299	95158391	96075916
1245772319	95158391	96075916
1245772339	96075916	95158391
1245772359	95158391	96075916
1245772379	95158391	96075916
1245772399	96075916	95158391
1245772419	95158391	96075916
1245772439	73597068	74317940
1245772439	95158391	96075916
1245772459	95158391	96075916
1245772479	73597068	74317940
1245772479	95158391	96075916
1245772479	78381175	76087414
1245772499	96075916	95158391
1245772539	73597068	74317940
1245772559	73597068	74317940
1245772579	73597068	74317940
1245772599	73597068	74317940
1245772719	73597068	74317940
1245772739	76087414	78381175
1245772759	73597068	74317940
1245772819	96075916	95158391
1245773079	96075916	95158391
1245773179	96075916	95158391
1245773359	96075916	95158391
1245773379	96075916	95158391
1245773399	96075916	95158391
1245773419	96075916	95158391
1245773439	96075916	95158391
1245773459	96075916	95158391
1245773479	96075916	95158391
1245773539	96075916	95158391
1245773599	96075916	95158391
1245773619	96075916	95158391
1245773639	96075916	95158391
1245773659	96075916	95158391
1245773679	96075916	95158391
1245773699	96075916	95158391
1245773719	96075916	95158391
1245773959	96075916	95158391
1245773979	96075916	95158391
1245773999	96075916	95158391
1245774239	96075916	95158391
1245774299	96075916	95158391
1245774319	96075916	95158391
1245774339	96075916	95158391
1245774939	94503023	98304115
1245774939	94503023	94699645
1245774939	98304115	94699645
1245774959	94503023	98304115
1245774959	94503023	94699645
1245774959	98304115	94699645
1245774979	94503023	98304115
1245774979	94503023	94699645
1245774979	98304115	94699645
1245774999	94503023	98304115
1245774999	94503023	94699645
1245774999	98304115	94699645
1245775019	94503023	94699645
1245775019	98304115	94699645
1245775039	98304115	94699645
1245775059	98304115	94699645
1245775079	94503023	98304115
1245775079	98304115	94699645
1245775119	98304115	94699645
1245775139	94503023	94699645
1245775159	98304115	94699645
1245775179	94503023	94699645
1245775179	98304115	94699645
1245775199	98304115	94699645
1245775259	94503023	98304115
1245775279	98304115	94699645
1245775319	94503023	94699645
1245775339	98304115	94699645
1245775499	98304115	94699645
1245775579	98304115	94699645
1245775759	94503023	94699645
1245775759	98304115	94699645
1245775779	94503023	94699645
1245775799	94503023	94699645
1245775799	98304115	94699645
1245775819	94503023	94699645
1245775839	94503023	98304115
1245775859	94503023	94699645
1245776219	98304115	94699645
1245776279	94503023	98304115
1245776279	94503023	94699645
1245776279	98304115	94699645
1245777879	74514573	83558507
1245777899	74514573	83558507
1245777919	74514573	83558507
1245777939	74514573	83558507
1245777959	74514573	83558507
1245777979	74514573	83558507
1245777999	74514573	83558507
1245778019	74514573	83558507
1245778039	74514573	83558507
1245778059	74514573	83558507
1245778079	74514573	83558507
1245778099	74514573	83558507
1245778119	74514573	83558507
1245778139	74514573	83558507
1245778159	74514573	83558507
1245778179	74514573	83558507
1245778199	74514573	83558507
1245778219	74514573	83558507
1245778259	74514573	83558507
1245778299	74514573	83558507
1245778319	74514573	83558507
1245778359	74514573	83558507
1245778419	74514573	83558507
1245778439	74514573	83558507
1245778459	74514573	83558507
1245778479	74514573	83558507
1245778539	74514573	83558507
1245778559	74514573	83558507
1245778579	74514573	83558507
1245778599	74514573	83558507
1245778619	74514573	83558507
1245778639	74514573	83558507
1245778679	74514573	83558507
1245778719	74514573	83558507
1245778739	74514573	83558507
1245778779	74514573	83558507
1245778799	74514573	83558507
1245778819	74514573	83558507
1245778879	74514573	83558507
1245778899	74514573	83558507
1245778919	74514573	83558507
1245778939	74514573	83558507
1245778959	74514573	83558507
1245778979	74514573	83558507
1245778999	74514573	83558507
1245779079	83558507	74514573
1245779099	74514573	83558507
1245779119	74514573	83558507
1245779139	74514573	83558507
1245779159	74514573	83558507
1245779179	74514573	83558507
1245779199	74514573	83558507
1245779219	74514573	83558507
1245779239	74514573	83558507
1245779259	74514573	83558507
1245779279	74514573	83558507
1245779299	74514573	83558507
1245779319	74514573	83558507
1245779339	74514573	83558507
1245779359	74514573	83558507
1245779379	74514573	83558507
1245779399	74514573	83558507
1245779419	74514573	83558507
1245779439	74514573	83558507
