1 2 1996
3 4 1996
5 6 1996
5 7 1996
6 8 1996
9 10 1996
11 12 1996
13 14 1997
15 16 1997
17 9 1997
17 18 1997
17 8 1997
17 19 1997
20 21 1997
22 23 1997
24 25 1997
26 27 1997
9 18 1997
9 8 1997
9 19 1997
8 18 1997
8 19 1997
28 29 1997
18 19 1997
13 14 1997
13 15 1997
13 30 1997
31 32 1997
31 27 1997
33 19 1997
33 34 1997
33 4 1997
33 35 1997
33 36 1997
33 37 1997
33 38 1997
39 40 1997
39 41 1997
39 42 1997
39 19 1997
39 43 1997
44 45 1997
44 27 1997
44 26 1997
44 46 1997
44 47 1997
48 45 1997
48 49 1997
48 46 1997
50 51 1997
50 52 1997
53 11 1997
53 35 1997
43 4 1997
43 35 1997
43 37 1997
43 38 1997
43 42 1997
43 54 1997
55 27 1997
55 56 1997
55 57 1997
58 32 1997
58 27 1997
59 42 1997
41 60 1997
41 17 1997
61 24 1997
61 62 1997
61 42 1997
57 27 1997
57 56 1997
63 49 1997
63 64 1997
63 7 1997
17 18 1997
17 19 1997
17 60 1997
17 35 1997
17 38 1997
17 9 1997
17 65 1997
17 8 1997
17 54 1997
65 66 1997
65 67 1997
65 37 1997
65 68 1997
65 35 1997
65 38 1997
20 21 1997
69 70 1997
64 49 1997
64 5 1997
22 23 1997
22 71 1997
14 72 1997
14 6 1997
71 23 1997
52 51 1997
52 73 1997
74 2 1997
74 75 1997
74 30 1997
76 73 1997
76 77 1997
78 79 1997
80 77 1997
81 25 1997
81 82 1997
81 16 1997
40 42 1997
83 84 1997
35 25 1997
35 4 1997
35 37 1997
35 38 1997
35 9 1997
35 54 1997
35 16 1997
30 85 1997
5 6 1997
5 7 1997
86 24 1997
86 25 1997
86 77 1997
24 25 1997
24 85 1997
49 45 1997
49 29 1997
49 87 1997
49 28 1997
49 8 1997
49 54 1997
56 27 1997
54 29 1997
54 18 1997
54 8 1997
54 19 1997
54 87 1997
54 4 1997
54 37 1997
54 38 1997
54 9 1997
54 28 1997
16 25 1997
16 87 1997
16 8 1997
77 73 1997
25 87 1997
88 28 1997
89 90 1997
91 37 1997
91 92 1997
93 94 1997
93 95 1997
93 96 1997
93 97 1997
94 95 1997
94 98 1997
95 99 1997
100 67 1997
100 101 1997
100 38 1997
66 68 1997
102 90 1997
102 99 1997
47 45 1997
47 27 1997
47 26 1997
47 46 1997
26 45 1997
26 27 1997
26 46 1997
46 45 1997
46 27 1997
4 29 1997
4 37 1997
4 38 1997
27 45 1997
27 103 1997
9 18 1997
9 19 1997
9 28 1997
9 8 1997
8 29 1997
8 18 1997
8 19 1997
8 87 1997
8 28 1997
42 60 1997
42 28 1997
28 29 1997
28 87 1997
11 12 1997
87 45 1997
87 29 1997
29 38 1997
18 19 1997
34 36 1997
104 90 1997
104 105 1997
96 79 1997
96 90 1997
96 98 1997
106 107 1997
99 37 1997
108 103 1997
37 38 1997
37 92 1997
90 105 1997
38 101 1997
43 24 1998
58 109 1998
63 6 1998
63 14 1998
17 29 1998
17 8 1998
17 110 1998
17 102 1998
20 49 1998
22 23 1998
22 71 1998
14 6 1998
111 36 1998
71 23 1998
112 77 1998
113 79 1998
113 93 1998
113 37 1998
113 114 1998
113 38 1998
86 115 1998
24 25 1998
54 9 1998
54 29 1998
54 8 1998
54 19 1998
54 11 1998
93 79 1998
93 37 1998
93 114 1998
93 38 1998
102 29 1998
102 8 1998
102 110 1998
110 29 1998
110 8 1998
9 29 1998
9 8 1998
9 11 1998
9 19 1998
8 29 1998
8 19 1998
8 11 1998
11 29 1998
11 19 1998
29 19 1998
106 97 1998
37 79 1998
37 114 1998
37 38 1998
38 79 1998
38 114 1998
79 114 1998
116 117 1998
13 111 1998
13 72 1998
13 5 1998
13 14 1998
44 55 1998
44 48 1998
44 61 1998
44 27 1998
44 56 1998
44 26 1998
44 46 1998
48 46 1998
53 9 1998
53 8 1998
53 35 1998
43 24 1998
15 8 1998
55 112 1998
55 61 1998
55 63 1998
55 77 1998
58 29 1998
59 112 1998
59 73 1998
61 118 1998
61 69 1998
61 90 1998
61 119 1998
61 120 1998
57 121 1998
57 56 1998
63 112 1998
63 72 1998
63 64 1998
63 5 1998
63 122 1998
63 6 1998
63 14 1998
63 77 1998
17 29 1998
17 19 1998
17 123 1998
17 28 1998
17 102 1998
17 110 1998
17 9 1998
17 8 1998
17 54 1998
17 11 1998
124 71 1998
125 117 1998
20 49 1998
20 21 1998
69 118 1998
69 23 1998
69 120 1998
69 5 1998
22 122 1998
22 23 1998
22 71 1998
14 111 1998
14 6 1998
14 5 1998
111 118 1998
111 49 1998
111 5 1998
71 23 1998
112 77 1998
112 86 1998
74 27 1998
87 86 1998
87 115 1998
109 90 1998
126 37 1998
126 127 1998
126 97 1998
113 93 1998
113 35 1998
113 37 1998
113 114 1998
113 38 1998
113 79 1998
113 11 1998
118 120 1998
118 128 1998
23 70 1998
23 5 1998
72 122 1998
72 6 1998
72 77 1998
5 6 1998
7 21 1998
86 25 1998
86 24 1998
86 115 1998
86 77 1998
24 25 1998
24 60 1998
49 122 1998
56 121 1998
56 27 1998
56 26 1998
56 32 1998
56 46 1998
54 29 1998
54 19 1998
54 102 1998
54 110 1998
54 9 1998
54 8 1998
54 28 1998
54 11 1998
16 25 1998
16 85 1998
16 19 1998
16 123 1998
77 129 1998
77 73 1998
25 19 1998
25 9 1998
25 37 1998
25 110 1998
121 115 1998
130 131 1998
93 123 1998
93 35 1998
93 37 1998
93 114 1998
93 38 1998
93 79 1998
93 11 1998
95 132 1998
102 29 1998
102 110 1998
102 9 1998
102 28 1998
26 27 1998
26 46 1998
46 27 1998
132 127 1998
110 29 1998
110 28 1998
110 9 1998
9 29 1998
9 8 1998
9 19 1998
9 28 1998
9 11 1998
8 19 1998
8 123 1998
8 30 1998
8 11 1998
28 29 1998
11 19 1998
11 79 1998
11 37 1998
11 35 1998
11 114 1998
11 38 1998
35 37 1998
35 114 1998
35 38 1998
35 79 1998
30 19 1998
30 123 1998
29 34 1998
19 123 1998
68 133 1998
106 97 1998
97 79 1998
97 114 1998
97 127 1998
99 32 1998
123 114 1998
123 38 1998
37 114 1998
37 38 1998
37 79 1998
90 119 1998
90 38 1998
38 114 1998
38 79 1998
79 114 1998
13 72 1999
13 121 1999
13 14 1999
44 27 1999
44 26 1999
44 46 1999
48 46 1999
53 11 1999
43 24 1999
134 86 1999
15 35 1999
59 36 1999
59 113 1999
57 27 1999
57 121 1999
63 6 1999
63 5 1999
63 14 1999
17 29 1999
17 130 1999
17 102 1999
17 110 1999
17 9 1999
17 11 1999
124 135 1999
125 14 1999
20 49 1999
20 72 1999
69 118 1999
69 120 1999
22 23 1999
22 71 1999
14 6 1999
14 5 1999
111 5 1999
71 23 1999
71 70 1999
112 60 1999
112 77 1999
87 38 1999
35 82 1999
118 120 1999
118 128 1999
72 49 1999
5 6 1999
128 120 1999
86 115 1999
24 25 1999
24 136 1999
56 32 1999
54 19 1999
54 123 1999
54 93 1999
54 102 1999
54 37 1999
54 9 1999
54 11 1999
16 25 1999
25 136 1999
25 85 1999
93 123 1999
93 113 1999
93 37 1999
93 114 1999
93 38 1999
93 79 1999
102 29 1999
102 19 1999
102 110 1999
102 9 1999
102 11 1999
136 85 1999
26 27 1999
26 46 1999
46 27 1999
110 29 1999
110 127 1999
110 9 1999
110 11 1999
9 29 1999
9 19 1999
9 11 1999
11 29 1999
11 19 1999
113 36 1999
113 37 1999
113 90 1999
113 114 1999
113 38 1999
113 79 1999
85 123 1999
19 123 1999
106 98 1999
106 97 1999
97 127 1999
32 98 1999
37 90 1999
37 114 1999
37 38 1999
37 79 1999
90 114 1999
90 38 1999
38 114 1999
38 79 1999
79 114 1999
