1246010379	98631790	90505359
1246010439	98631790	83558512
1246010499	98631790	90505359
1246010579	83558512	95092848
1246010599	95092848	83558512
1246010639	98631790	90505359
1246010679	98631790	90505359
1246010699	98631790	90505359
1246010719	98631790	90505359
1246010759	98631790	90505359
1246010779	98631790	90505359
1246010819	98631790	90505359
1246010899	98631790	90505359
1246010959	98631790	90505359
1246010999	98631790	90505359
1246011059	98631790	90505359
1246011079	98631790	90505359
1246011099	98631790	90505359
1246011479	101318764	96075921
1246011519	96075921	101318764
1246011539	101318764	96075921
1246011599	96075921	101318764
1246011619	101318764	96075921
1246011639	96075921	101318764
1246011699	96075921	101318764
1246011799	101318764	96075921
1246011899	96075921	101318764
1246012099	80019557	78971018
1246012139	80019557	78971018
1246012219	80019557	78971018
1246012279	80019557	78971018
1246012799	101318764	96075921
1246012819	90505360	100466799
1246012819	104202359	80019557
1246012859	90505360	100466799
1246012879	90505360	100466799
1246012899	90505360	100466799
1246012939	90505360	100466799
1246012979	101253238	76284025
1246012979	100466799	90505360
1246012999	101253238	76284025
1246012999	101318764	96075921
1246013019	101253238	76284025
1246013019	101318764	96075921
1246013039	101253238	76284025
1246013059	101253238	83558512
1246013059	76284025	83558512
1246013059	98304117	96403580
1246013079	101253238	83558512
1246013079	76284025	83558512
1246013079	83558512	98304117
1246013079	98304117	100466799
1246013099	90505360	100466799
1246013099	101253238	76284025
1246013099	95092848	83558512
1246013099	98304117	100466799
1246013119	101253238	76284025
1246013119	76284025	90505360
1246013119	98304117	100466799
1246013119	100466799	90505360
1246013139	101253238	76284025
1246013139	76284025	90505360
1246013139	98304117	100466799
1246013139	98304117	90505360
1246013139	100466799	90505360
1246013159	101253238	76284025
1246013159	76284025	100466799
1246013159	98304117	100466799
1246013159	98304117	90505360
1246013159	100466799	90505360
1246013179	90505360	101253238
1246013179	90505360	98304117
1246013179	90505360	100466799
1246013179	101253238	98304117
1246013179	98304117	100466799
1246013199	101253238	98304117
1246013199	101253238	90505360
1246013199	98304117	90505360
1246013199	100466799	90505360
1246013219	101253238	98304117
1246013219	101253238	76284025
1246013219	101253238	100466799
1246013219	98304117	100466799
1246013239	101253238	76284025
1246013239	98304117	100466799
1246013259	90505360	98304117
1246013259	90505360	100466799
1246013259	101318764	96075921
1246013259	100466799	98304117
1246013279	100466799	98304117
1246013279	100466799	90505360
1246013279	98304117	90505360
1246013279	96075921	90505360
1246013299	101318764	96075921
1246013299	101318764	90505360
1246013299	105906295	100270179
1246013299	98304117	100466799
1246013299	98304117	90505360
1246013299	100466799	90505360
1246013319	101253238	100466799
1246013319	101318764	96075921
1246013319	100466799	98304117
1246013319	105906295	100270179
1246013319	100270179	90505360
1246013339	90505360	100270179
1246013339	105906295	100270179
1246013339	98304117	100466799
1246013359	101253238	76284025
1246013359	105906295	100270179
1246013359	98304117	100466799
1246013379	101253238	76284025
1246013379	105906295	100270179
1246013379	98304117	100466799
1246013399	76284025	90505360
1246013399	105906295	100270179
1246013399	98304117	100466799
1246013419	105906295	100270179
1246013419	100270179	98304117
1246013439	80019557	104202359
1246013439	105906295	100270179
1246013439	100270179	98304117
1246013459	90505360	100270179
1246013459	90505360	100466799
1246013459	105906295	100270179
1246013459	98304117	100466799
1246013479	90505360	98304117
1246013479	90505360	100466799
1246013479	105906295	100270179
1246013479	98304117	100466799
1246013499	90505360	98304117
1246013499	105906295	100270179
1246013499	98304117	100466799
1246013519	101253238	98304117
1246013519	98304117	100466799
1246013519	98304117	90505360
1246013519	100466799	90505360
1246013539	80019557	78971018
1246013559	98304117	90505360
1246013579	101253238	90505360
1246013579	98304117	90505360
1246013579	98304117	100466799
1246013599	90505360	101253238
1246013599	90505360	98304117
1246013599	98304117	100466799
1246013619	90505360	98304117
1246013619	101253238	76284025
1246013619	105906295	100270179
1246013639	101253238	76284025
1246013639	98304117	90505360
1246013639	98304117	100466799
1246013639	100466799	90505360
1246013659	101253238	76284025
1246013659	98304117	90505360
1246013679	105906295	100270179
1246013679	98304117	90505360
1246013699	105906295	100270179
1246013699	98304117	90505360
1246013699	100466799	90505360
1246013719	98304117	90505360
1246013719	100466799	90505360
1246013739	90505360	98304117
1246013739	90505360	100466799
1246013759	98304117	100466799
1246013779	98304117	100466799
1246013799	101253238	76284025
1246013799	98304117	100466799
1246013819	98304117	90505360
1246013819	100466799	90505360
1246013839	90505360	98304117
1246013839	90505360	100466799
1246013839	98304117	100466799
1246013859	90505360	98304117
1246013859	104333427	96403580
1246013859	98304117	100466799
1246013879	98304117	90505360
1246013879	98304117	100466799
1246013879	100466799	90505360
1246013899	90505360	98304117
1246013899	90505360	100466799
1246013899	101253238	76284025
1246013899	98304117	100466799
1246013919	101253238	76284025
1246013919	98304117	90505360
1246013939	101253238	76284025
1246013939	98304117	90505360
1246013939	100466799	90505360
1246013959	101253238	76284025
1246013959	98304117	90505360
1246013959	100466799	90505360
1246013979	90505360	98304117
1246013979	90505360	100466799
1246013999	90505360	98304117
1246013999	90505360	100466799
1246013999	101253238	76284025
1246014019	90505360	98304117
1246014019	90505360	100466799
1246014039	94503025	74973285
1246014039	100466799	98304117
1246014039	100466799	90505360
1246014039	98304117	90505360
1246014059	94503025	74973285
1246014059	90505360	98304117
1246014079	90505360	98304117
1246014079	90505360	100466799
1246014079	101253238	76284025
1246014079	105906295	100270179
1246014079	98304117	100466799
1246014099	105906295	100270179
1246014099	98304117	90505360
1246014099	100466799	90505360
1246014119	90505360	98304117
1246014119	90505360	100466799
1246014119	101253238	76284025
1246014119	78971018	104202359
1246014139	90505360	100466799
1246014139	101253238	76284025
1246014159	94503025	74973285
1246014159	90505360	100466799
1246014159	101253238	76284025
1246014179	94503025	74973285
1246014179	90505360	100466799
1246014179	101253238	76284025
1246014199	90505360	100466799
1246014199	101253238	76284025
1246014219	101253238	76284025
1246014239	94503025	74973285
1246014239	101253238	76284025
1246014259	94503025	74973285
1246014259	90505360	98304117
1246014259	101253238	76284025
1246014279	90505360	98304117
1246014279	101253238	76284025
1246014299	101253238	76284025
1246014299	105906295	100270179
1246014319	101253238	76284025
1246014319	105906295	100270179
1246014339	101253238	76284025
1246014339	98304117	90505360
1246014339	100466799	90505360
1246014359	98304117	90505360
1246014359	98304117	100466799
1246014359	100466799	90505360
1246014379	105906295	100270179
1246014379	98304117	90505360
1246014379	98304117	100466799
1246014379	100466799	90505360
1246014399	100466799	98304117
1246014399	100466799	90505360
1246014419	98304117	90505360
1246014419	98304117	100466799
1246014439	76284025	78971018
1246014439	80019557	78971018
1246014439	80019557	104202359
1246014459	90505360	100466799
1246014459	104202359	80019557
1246014479	80019557	104202359
1246014479	101253238	76284025
1246014479	100466799	90505360
1246014479	105906295	100270179
1246014479	98304117	90505360
1246014499	105906295	100270179
1246014499	98304117	90505360
1246014499	100466799	90505360
1246014519	90505360	98304117
1246014519	90505360	100466799
1246014519	98304117	100466799
1246014539	90505360	98304117
1246014539	90505360	100466799
1246014539	105906295	100270179
1246014539	98304117	100466799
1246014559	90505360	98304117
1246014559	90505360	100466799
1246014559	100466799	98304117
1246014579	80019557	78971018
1246014579	98304117	100466799
1246014599	80019557	104202359
1246014619	105906295	100270179
1246014619	104333427	98304117
1246014619	98304117	90505360
1246014639	100466799	98304117
1246014639	100466799	90505360
1246014639	98304117	90505360
1246014659	96403580	79167600
1246014659	96403580	77267078
1246014659	100466799	98304117
1246014659	79167600	77267078
1246014679	79167600	77267078
1246014699	79167600	77267078
1246014719	79167600	77267078
1246014739	79167600	77267078
1246014759	79167600	74973285
1246014759	79167600	77267078
1246014759	74973285	77267078
1246014779	100270179	105906295
1246014779	79167600	74973285
1246014779	79167600	77267078
1246014779	74973285	77267078
1246014799	100270179	105906295
1246014799	79167600	74973285
1246014799	74973285	96075922
1246014819	100270179	105906295
1246014819	77267078	79167600
1246014839	105906295	100270179
1246014859	100270179	105906295
1246014879	100270179	105906295
1246014879	94503025	74973285
1246014879	80019557	104202359
1246014879	98304117	100466799
1246014899	94503025	74973285
1246014899	100466799	98304117
1246014919	100466799	98304117
1246014919	104202359	80019557
1246014959	104202359	80019557
1246014959	98304117	100466799
1246014979	94503025	74973285
1246014979	100466799	98304117
1246014999	100270179	105906295
1246014999	94503025	74973285
1246014999	100466799	98304117
1246014999	94699649	79167600
1246014999	94699649	77267078
1246015019	76284025	90505360
1246015019	100466799	98304117
1246015019	105906295	100270179
1246015019	79167600	77267078
1246015039	94503025	74973285
1246015039	77267078	79167600
1246015039	77267078	96075922
1246015039	100466799	98304117
1246015039	105906295	100270179
1246015059	94503025	74973285
1246015059	100466799	98304117
1246015059	79167600	77267078
1246015079	101253238	76284025
1246015079	79167600	77267078
1246015099	105906295	100270179
1246015119	94503025	74973285
1246015139	79167600	77267078
1246015159	101253238	76284025
1246015159	77267078	79167600
1246015159	104202359	80019557
1246015179	77267078	79167600
1246015179	94503025	74973285
1246015179	105906295	100270179
1246015199	94503025	74973285
1246015199	105906295	100270179
1246015219	77267078	79167600
1246015219	105906295	100270179
1246015239	77267078	79167600
1246015239	94503025	74973285
1246015259	103153774	78446698
1246015259	98304117	100466799
1246015279	77267078	79167600
1246015279	105906295	100270179
1246015279	98304117	100466799
1246015299	77267078	79167600
1246015299	78971018	104202359
1246015299	98304117	100466799
1246015319	76284025	101253238
1246015319	77267078	79167600
1246015339	101253238	76284025
1246015339	77267078	79167600
1246015359	77267078	79167600
1246015359	103153774	78446698
1246015359	78971018	104202359
1246015379	77267078	79167600
1246015379	103153774	78446698
1246015379	104202359	80019557
1246015379	98304117	90505360
1246015379	98304117	100466799
1246015379	90505360	100466799
1246015399	77267078	79167600
1246015399	94503025	74973285
1246015399	104202359	80019557
1246015399	98304117	90505360
1246015399	98304117	100466799
1246015419	94503025	74973285
1246015419	104202359	80019557
1246015419	98304117	90505360
1246015419	98304117	100466799
1246015439	104202359	80019557
1246015439	98304117	90505360
1246015439	90505360	100466799
1246015459	101253238	76284025
1246015459	94503025	74973285
1246015459	90505360	100466799
1246015479	76284025	101253238
1246015479	77267078	79167600
1246015479	94503025	74973285
1246015479	103153774	78446698
1246015479	105906295	100270179
1246015479	98304117	100466799
1246015499	103153774	78446698
1246015499	78971018	80019557
1246015499	104202359	80019557
1246015499	105906295	100270179
1246015499	98304117	90505360
1246015519	103153774	78446698
1246015519	101253238	76284025
1246015519	80019557	104202359
1246015519	98304117	100466799
1246015539	94503025	74973285
1246015539	90505360	100466799
1246015539	103153774	78446698
1246015539	76284025	101253238
1246015539	78971018	101253238
1246015539	98304117	100466799
1246015559	76284025	101253238
1246015579	94503025	74973285
1246015579	103153774	78446698
1246015579	101253238	76284025
1246015579	100466799	90505360
1246015579	79167600	77267078
1246015599	90505360	98304117
1246015599	101253238	76284025
1246015619	90505360	98304117
1246015619	103153774	78446698
1246015619	101253238	76284025
1246015619	98304117	100466799
1246015639	76284025	101253238
1246015639	98304117	90505360
1246015639	98304117	100466799
1246015639	100466799	90505360
1246015659	101253238	76284025
1246015659	98304117	90505360
1246015659	98304117	100466799
1246015699	76284025	101253238
1246015719	76284025	101253238
1246015739	76284025	101253238
1246015759	76284025	78446698
1246015759	79167600	77267078
1246015779	101253238	76284025
1246015779	79167600	77267078
1246015779	98304117	100466799
1246015799	76284025	101253238
1246015799	79167600	77267078
1246015799	98304117	100466799
1246015819	101253238	76284025
1246015819	100466799	98304117
1246015819	79167600	77267078
1246015839	103153774	78446698
1246015839	101253238	76284025
1246015839	79167600	77267078
1246015859	76284025	101253238
1246015859	79167600	77267078
1246015879	101253238	76284025
1246015879	79167600	77267078
1246015899	84476036	96075922
1246015899	84476036	98304117
1246015919	80019557	78971018
1246015939	84476036	96075922
1246015939	78971018	94699649
1246015939	98304117	100466799
1246015959	94503025	74973285
1246015959	94699649	78971018
1246015979	94503025	74973285
1246015979	78971018	104202359
1246015999	94503025	74973285
1246015999	94699649	78971018
1246015999	101253238	76284025
1246015999	96075922	100466799
1246016019	100466799	98304117
1246016039	101253238	76284025
1246016039	78971018	80019557
1246016059	101253238	76284025
1246016059	78971018	80019557
1246016079	80019557	78971018
1246016079	101253238	84476036
1246016079	76284025	84476036
1246016099	103153774	78446698
1246016119	103153774	78446698
1246016139	94503025	74973285
1246016139	76284025	101253238
1246016139	79167600	77267078
1246016159	80019557	78971018
1246016179	101253238	76284025
1246016179	79167600	77267078
1246016259	98304117	100466799
1246016279	96403580	100270180
1246016279	104333428	100270180
1246016299	103153774	78446698
1246016299	104333428	105906296
1246016299	104333428	100270180
1246016299	104333428	90505361
1246016299	96403580	100270180
1246016299	105906296	100270180
1246016299	105906296	90505361
1246016299	90505361	100270180
1246016319	103153774	78446698
1246016319	104333428	105906296
1246016319	104333428	100270180
1246016319	104333428	90505361
1246016319	104333428	96403580
1246016319	96403580	100270180
1246016319	105906296	100270180
1246016319	105906296	90505361
1246016319	98304117	100466799
1246016319	90505361	100270180
1246016339	90505361	105906296
1246016339	90505361	100270180
1246016339	100466799	98304117
1246016339	105906296	104333428
1246016339	104333428	100270180
1246016359	94503025	74973285
1246016359	96403580	104333428
1246016359	105906296	104333428
1246016359	105906296	90505361
1246016359	98304117	100466799
1246016379	101253238	76284025
1246016379	77267078	79167600
1246016379	94503025	74973285
1246016379	103153774	78446698
1246016379	104333428	90505361
1246016379	105906296	90505361
1246016379	98304117	100466799
1246016399	76284025	101253238
1246016399	94503025	74973285
1246016399	103153774	78446698
1246016399	104333428	105906296
1246016399	105906296	90505361
1246016399	98304117	100466799
1246016399	90505361	100270180
1246016419	77267078	79167600
1246016419	104333428	105906296
1246016419	104333428	100270180
1246016419	104333428	90505361
1246016419	105906296	100270180
1246016419	105906296	90505361
1246016419	98304117	100466799
1246016419	90505361	100270180
1246016439	103153774	78446698
1246016439	105906296	104333428
1246016439	105906296	100270180
1246016439	105906296	90505361
1246016439	104333428	100270180
1246016439	104333428	90505361
1246016439	100270180	90505361
1246016459	90505361	105906296
1246016459	90505361	104333428
1246016459	90505361	100270180
1246016459	103153774	78446698
1246016459	100270180	105906296
1246016459	100270180	104333428
1246016459	105906296	104333428
1246016479	90505361	105906296
1246016479	90505361	104333428
1246016479	90505361	100270180
1246016479	84476036	94699649
1246016479	76284025	101253238
1246016479	105906296	104333428
1246016499	103153774	78446698
1246016499	105906296	104333428
1246016499	105906296	90505361
1246016499	104333428	90505361
1246016519	90505361	104333428
1246016519	76284025	101253238
1246016519	105906296	104333428
1246016539	90505361	105906296
1246016539	90505361	100270180
1246016539	103153774	78446698
1246016539	101253238	76284025
1246016539	105906296	104333428
1246016539	105906296	100270180
1246016539	104333428	100270180
1246016539	98304117	100466799
1246016559	103153774	78446698
1246016559	105906296	100270180
1246016559	105906296	90505361
1246016559	100270180	90505361
1246016579	103153774	78446698
1246016579	90505361	105906296
1246016579	90505361	100270180
1246016579	105906296	100270180
1246016599	76284025	101253238
1246016599	105906296	104333428
1246016599	105906296	90505361
1246016599	104333428	90505361
1246016599	98304117	100466799
1246016619	90505361	100270180
1246016619	105906296	104333428
1246016639	90505361	100270180
1246016659	78971018	104202359
1246016679	100466799	98304117
1246016679	105906296	104333428
1246016679	105906296	90505361
1246016679	79167600	77267078
1246016699	90505361	105906296
1246016699	90505361	104333428
1246016699	98304117	100466799
1246016719	90505361	100270180
1246016719	79167600	77267078
1246016719	98304117	100466799
1246016739	90505361	104333428
1246016739	90505361	100270180
1246016739	105906296	104333428
1246016739	104333428	100270180
1246016759	105906296	104333428
1246016759	79167600	77267078
1246016779	90505361	104333428
1246016779	90505361	105906296
1246016779	76284025	101253238
1246016779	105906296	104333428
1246016799	90505361	105906296
1246016799	90505361	104333428
1246016799	90505361	100270180
1246016799	105906296	104333428
1246016819	105906296	104333428
1246016819	104333428	100270180
1246016819	104333428	90505361
1246016819	100270180	90505361
1246016839	90505361	104333428
1246016859	90505361	100270180
1246016859	76284025	101253238
1246016859	98304117	100466799
1246016879	101253238	76284025
1246016879	100270180	90505361
1246016899	90505361	100270180
1246016919	77267078	79167600
1246016939	105906296	104333428
1246016979	101253238	76284025
1246016979	79167600	77267078
1246016999	90505361	104333428
1246016999	79167600	77267078
1246017019	79167600	77267078
1246017039	77267078	79167600
1246017039	90505361	105906296
1246017039	90505361	104333428
1246017039	90505361	100270180
1246017039	105906296	104333428
1246017039	105906296	100270180
1246017059	90505361	105906296
1246017059	105906296	104333428
1246017059	105906296	100270180
1246017059	104333428	100270180
1246017059	79167600	77267078
1246017079	90505361	105906296
1246017079	90505361	100270180
1246017079	105906296	104333428
1246017079	105906296	100270180
1246017079	79167600	77267078
1246017079	78971018	104202359
1246017079	104333428	100270180
1246017099	90505361	105906296
1246017099	90505361	104333428
1246017099	90505361	100270180
1246017099	105906296	104333428
1246017099	105906296	100270180
1246017099	79167600	77267078
1246017099	104333428	100270180
1246017119	90505361	105906296
1246017119	90505361	100270180
1246017119	105906296	104333428
1246017119	105906296	100270180
1246017119	79167600	77267078
1246017139	105906296	104333428
1246017139	104333428	100270180
1246017139	79167600	77267078
1246017159	105906296	100270180
1246017159	105906296	90505361
1246017159	78971018	100270180
1246017159	104333428	90505361
1246017159	100270180	90505361
1246017179	90505361	105906296
1246017179	90505361	104333428
1246017179	90505361	100270180
1246017179	105906296	104333428
1246017179	105906296	100270180
1246017179	104333428	100270180
1246017199	105906296	104333428
1246017199	79167600	77267078
1246017199	100270180	90505361
1246017219	77267078	79167600
1246017219	100270180	90505361
1246017239	90505361	104333428
1246017239	90505361	100270180
1246017239	105906296	104333428
1246017239	105906296	100270180
1246017259	90505361	104333428
1246017259	79167600	77267078
1246017259	104202359	80019557
1246017279	80019557	78971018
1246017279	80019557	104202359
1246017279	105906296	104333428
1246017279	105906296	90505361
1246017279	104333428	100270180
1246017279	104333428	90505361
1246017279	78971018	104202359
1246017279	79167600	77267078
1246017299	90505361	105906296
1246017299	105906296	104333428
1246017299	105906296	100270180
1246017299	79167600	77267078
1246017299	78971018	80019557
1246017299	78971018	104202359
1246017299	104333428	100270180
1246017319	90505361	105906296
1246017319	90505361	104333428
1246017319	105906296	100270180
1246017319	79167600	77267078
1246017339	80019557	78971018
1246017339	80019557	104202359
1246017339	105906296	100270180
1246017339	104333428	90505361
1246017339	79167600	77267078
1246017359	90505361	104333428
1246017359	105906296	104333428
1246017379	90505361	104333428
1246017379	90505361	105906296
1246017379	105906296	104333428
1246017399	79167600	77267078
1246017419	94699649	84476036
1246017419	79167600	77267078
1246017419	104333428	100270180
1246017439	80019557	104202359
1246017459	80019557	104202359
1246017459	90505361	104333428
1246017459	90505361	100270180
1246017459	104333428	100270180
1246017479	80019557	104202359
1246017479	105906296	104333428
1246017479	105906296	100270180
1246017479	104333428	100270180
1246017479	104333428	90505361
1246017479	100270180	90505361
1246017499	94699649	105906296
1246017499	90505361	105906296
1246017499	90505361	104333428
1246017499	90505361	100270180
1246017499	105906296	100270180
1246017499	79167600	77267078
1246017519	90505361	105906296
1246017519	105906296	104333428
1246017519	79167600	77267078
1246017539	77267078	79167600
1246017539	90505361	105906296
1246017539	78971018	104202359
1246017559	90505361	105906296
1246017559	90505361	104333428
1246017559	105906296	104333428
1246017559	78971018	80019557
1246017559	78971018	104202359
1246017559	104202359	80019557
1246017559	79167600	77267078
1246017579	90505361	105906296
1246017579	105906296	104333428
1246017579	79167600	77267078
1246017579	78971018	80019557
1246017599	90505361	105906296
1246017599	105906296	104333428
1246017599	79167600	77267078
1246017619	105906296	104333428
1246017619	105906296	90505361
1246017619	79167600	77267078
1246017619	104333428	90505361
1246017639	105906296	104333428
1246017639	105906296	90505361
1246017639	79167600	77267078
1246017639	104333428	90505361
1246017659	79167600	77267078
1246017679	105906296	104333428
1246017679	79167600	77267078
1246017679	104333428	90505361
1246017699	90505361	104333428
1246017699	105906296	104333428
1246017699	105906296	100270180
1246017699	79167600	77267078
1246017719	90505361	100270180
1246017719	105906296	104333428
1246017739	105906296	104333428
1246017739	105906296	90505361
1246017739	104333428	90505361
1246017739	100270180	90505361
1246017759	105906296	100270180
1246017759	104333428	90505361
1246017759	100270180	90505361
1246017779	105906296	100270180
1246017779	104333428	90505361
1246017799	105906296	100270180
1246017799	104333428	90505361
1246017819	76284025	101253238
1246017819	105906296	100270180
1246017839	104333428	100270180
1246017859	100270180	105906296
1246017859	105906296	104333428
1246017879	94699649	96403580
1246017879	104333428	100270180
1246017899	94699649	96075922
1246017899	105906296	104333428
1246017899	104333428	90505361
1246017919	82444419	84476036
1246017959	105906296	100270180
1246017959	100270180	96403580
1246018039	90505361	105906296
1246018039	90505361	104333428
1246018039	90505361	100270180
1246018039	105906296	104333428
1246018039	104333428	100270180
1246018059	90505361	100270180
1246018059	103153775	100991122
1246018059	101253238	76284025
1246018059	105906296	104333428
1246018059	104333428	100270180
1246018079	100991122	103153775
1246018079	105906296	104333428
1246018079	100270180	90505361
1246018139	94503026	103153775
1246018139	103153775	100991122
1246018159	90505361	105906296
1246018159	105906296	100270180
1246018179	105906296	104333428
1246018199	101253238	76284025
1246018219	90505361	105906296
1246018219	103153775	100991122
1246018219	105906296	100270180
1246018219	104333428	100270180
1246018239	100991122	103153775
1246018239	105906296	90505361
1246018259	90505361	105906296
1246018279	90505361	105906296
1246018279	90505361	104333428
1246018279	90505361	100270180
1246018299	90505361	105906296
1246018299	90505361	104333428
1246018299	105906296	104333428
1246018319	101253238	76284025
1246018319	105906296	104333428
1246018339	90505361	104333428
1246018339	90505361	105906296
1246018339	105906296	104333428
1246018339	96403580	104333428
1246018359	90505361	104333428
1246018359	90505361	105906296
1246018359	90505361	96403580
1246018359	105906296	104333428
1246018359	105906296	96403580
1246018359	104333428	96403580
1246018379	104333428	96403580
1246018419	101253238	76284025
1246018439	94503026	103153775
1246018439	100991122	103153775
1246018439	101253238	76284025
1246018459	101253238	76284025
1246018479	79167600	77267078
1246018499	79167600	77267078
1246018519	100991122	103153775
1246018519	79167600	77267078
1246018539	79167600	77267078
1246018559	79167600	77267078
1246018579	79167600	77267078
1246018639	94503026	100991122
1246018659	100991122	103153775
1246018679	79167600	77267078
1246018699	100991122	103153775
1246018759	79167600	77267078
1246018839	100991122	103153775
1246018879	100991122	103153775
1246018899	101253238	76284025
1246018919	100991122	103153775
1246018919	101253238	76284025
1246018939	100991122	103153775
1246018979	94503026	103153775
1246019019	101253238	76284025
1246019039	101253238	76284025
1246019179	101253238	76284025
1246019199	101253238	76284025
1246019219	100991122	103153775
1246019239	100991122	103153775
1246019259	101253238	76284025
1246019279	101253238	76284025
1246019299	101253238	76284025
1246019319	100991122	103153775
1246019319	101253238	76284025
1246019339	100991122	103153775
1246019339	101253238	76284025
1246019359	100991122	103153775
1246019379	100991122	103153775
1246019379	101253238	76284025
1246019399	101253238	76284025
1246019919	103153775	96075922
1246019999	101253239	98304118
1246019999	101253239	74317949
1246019999	74317949	98304118
1246020019	103153775	96075922
1246020019	74317949	98304118
1246020039	101253239	98304118
1246020039	101253239	74317949
1246020039	74317949	98304118
1246020079	101253239	98304118
1246020099	101253239	98304118
1246020119	100991122	103153775
1246020119	74317949	98304118
1246020139	101253239	98304118
1246020159	74317949	98304118
1246020179	74317949	98304118
1246020199	101253239	98304118
1246020199	74317949	98304118
1246020239	101253239	98304118
1246020239	101253239	74317949
1246020239	98304118	74317949
1246020259	101253239	98304118
1246020279	101253239	98304118
1246020279	98304118	78446700
1246020279	98304118	74317949
1246020299	74317949	98304118
1246020319	98304118	74317949
1246020359	101253239	98304118
1246020359	101253239	74317949
1246020359	98304118	74317949
1246020379	98304118	74317949
1246020419	98304118	74317949
1246020439	101253239	98304118
1246020439	101253239	74317949
1246020439	98304118	74317949
1246020459	101253239	98304118
1246020459	101253239	74317949
1246020459	98304118	74317949
1246020479	101253239	74317949
1246020499	101253239	98304118
1246020499	101253239	74317949
1246020499	74317949	98304118
1246020519	74317949	98304118
1246020619	88604785	74973285
1246020619	88604785	101318765
1246020619	88604785	95092849
1246020619	101318765	74973285
1246020619	101318765	95092849
1246020619	95092849	74973285
1246020659	101253239	74317949
1246020659	74317949	98304118
1246020679	73400446	88604785
1246020679	73400446	83558513
1246020679	88604785	74973286
1246020679	88604785	101318765
1246020679	101253239	98304118
1246020679	101253239	74317949
1246020679	101318765	74973286
1246020679	95092849	83558513
1246020679	74317949	98304118
1246020679	74973286	83558513
1246020699	73400446	88604785
1246020699	88604785	95092849
1246020699	88604785	99876978
1246020699	88604785	83558513
1246020699	101253239	74317949
1246020699	74317949	98304118
1246020699	99876978	74973286
1246020699	99876978	83558513
1246020719	73400446	88604785
1246020719	88604785	95092849
1246020719	101318765	95092849
1246020739	73400446	95092849
1246020739	88604785	74973286
1246020739	99876978	83558513
1246020759	88604785	74973286
1246020759	101253239	74317949
1246020759	101318765	95092849
1246020759	99876978	83558513
1246020779	88604785	101318765
1246020779	88604785	95092849
1246020779	101318765	74973286
1246020779	101318765	95092849
1246020779	95092849	74973286
1246020799	73400446	88604785
1246020799	73400446	101318765
1246020799	101253239	74317949
1246020799	101318765	74973286
1246020799	101318765	95092849
1246020799	74317949	98304118
1246020799	99876978	83558513
1246020819	73400446	101318765
1246020819	73400446	95092849
1246020819	88604785	74973286
1246020819	88604785	101318765
1246020819	101253239	74317949
1246020819	101318765	74973286
1246020819	101318765	95092849
1246020819	99876978	83558513
1246020839	73400446	74973286
1246020839	73400446	88604785
1246020839	88604785	74973286
1246020839	88604785	101318765
1246020839	88604785	95092849
1246020839	101253239	74317949
1246020839	95092849	74973286
1246020839	99876978	83558513
1246020859	73400446	101318765
1246020859	101253239	74317949
1246020859	101318765	74973286
1246020859	99876978	83558513
1246020879	73400446	74973286
1246020879	73400446	101318765
1246020879	88604785	74973286
1246020879	88604785	101318765
1246020879	101253239	98304118
1246020879	101253239	74317949
1246020879	101318765	95092849
1246020879	101318765	74973286
1246020879	99876978	83558513
1246020899	88604785	101318765
1246020899	88604785	95092849
1246020899	101253239	98304118
1246020899	101318765	95092849
1246020899	99876978	83558513
1246020919	73400446	88604785
1246020919	88604785	95092849
1246020919	101253239	98304118
1246020919	101318765	95092849
1246020919	99876978	83558513
1246020939	101253239	98304118
1246020939	99876978	83558513
1246020959	73400446	83558513
1246020959	73400446	99876978
1246020959	88604785	101318765
1246020959	101253239	98304118
1246020959	99876978	83558513
1246020959	74973286	83558513
1246020979	101253239	98304118
1246020979	101253239	74317949
1246020979	74317949	98304118
1246020979	99876978	83558513
1246020999	88604785	74973286
1246020999	101253239	74317949
1246020999	99876978	83558513
1246021019	73400446	74973286
1246021019	88604785	74973286
1246021019	88604785	101318765
1246021019	95092849	74973286
1246021019	74317949	98304118
1246021019	99876978	83558513
1246021039	73400446	74973286
1246021039	88604785	74973286
1246021039	101318765	74973286
1246021039	101318765	95092849
1246021039	95092849	74973286
1246021039	99876978	83558513
1246021059	73400446	74973286
1246021059	88604785	74973286
1246021059	88604785	95092849
1246021059	99876978	83558513
1246021079	73400446	74973286
1246021079	73400446	88604785
1246021079	88604785	74973286
1246021079	88604785	101318765
1246021079	101253239	74317949
1246021079	99876978	83558513
1246021099	88604785	101318765
1246021099	101253239	74317949
1246021099	99876978	83558513
1246021119	73400446	95092849
1246021119	88604785	74973286
1246021119	88604785	95092849
1246021119	101253239	74317949
1246021119	101318765	95092849
1246021119	95092849	74973286
1246021119	99876978	83558513
1246021139	101253239	74317949
1246021139	99876978	83558513
1246021159	101253239	98304118
1246021159	78446700	99876978
1246021159	99876978	83558513
1246021179	88604785	101318765
1246021179	101253239	98304118
1246021179	99876978	83558513
1246021199	101253239	98304118
1246021219	88604785	74973286
1246021219	101253239	98304118
1246021219	74317949	98304118
1246021239	101253239	98304118
1246021239	101253239	74317949
1246021259	73400446	101318765
1246021259	88604785	74973286
1246021259	74317949	98304118
1246021279	101253239	74317949
1246021279	101318765	74973286
1246021279	101318765	95092849
1246021299	73400446	88604785
1246021299	73400446	74973286
1246021299	73400446	101318765
1246021299	88604785	74973286
1246021299	99876978	83558513
1246021319	88604785	74973286
1246021319	88604785	95092849
1246021319	101253239	74317949
1246021319	95092849	74973286
1246021319	99876978	83558513
1246021339	73400446	88604785
1246021339	73400446	74973286
1246021339	88604785	74973286
1246021339	88604785	95092849
1246021339	74317949	98304118
1246021339	99876978	83558513
1246021359	73400446	88604785
1246021359	73400446	74973286
1246021359	88604785	74973286
1246021359	88604785	95092849
1246021359	95092849	74973286
1246021359	74317949	98304118
1246021359	99876978	83558513
1246021379	73400446	74973286
1246021379	73400446	95092849
1246021379	88604785	74973286
1246021379	88604785	101318765
1246021379	88604785	95092849
1246021379	101318765	74973286
1246021379	101318765	95092849
1246021379	95092849	74973286
1246021379	99876978	83558513
1246021399	73400446	74973286
1246021399	73400446	88604785
1246021399	88604785	101318765
1246021399	88604785	95092849
1246021399	101253239	98304118
1246021399	101318765	74973286
1246021399	101318765	95092849
1246021399	95092849	74973286
1246021399	99876978	83558513
1246021419	73400446	88604785
1246021419	73400446	95092849
1246021419	88604785	74973286
1246021419	101253239	74317949
1246021419	101318765	95092849
1246021419	99876978	83558513
1246021439	88604785	74973286
1246021439	101318765	95092849
1246021459	88604785	101318765
1246021459	101318765	95092849
1246021459	99876978	83558513
1246021479	73400446	101318765
1246021479	88604785	101318765
1246021479	101318765	95092849
1246021499	73400446	88604785
1246021499	73400446	101318765
1246021499	73400446	95092849
1246021499	101318765	74973286
1246021499	74317949	98304118
1246021499	99876978	83558513
1246021519	73400446	88604785
1246021519	73400446	95092849
1246021519	88604785	74973286
1246021519	99876978	83558513
1246021539	73400446	88604785
1246021539	73400446	101318765
1246021539	88604785	74973286
1246021539	99876978	83558513
1246021559	73400446	101318765
1246021559	88604785	74973286
1246021559	88604785	101318765
1246021559	95092849	74973286
1246021559	99876978	83558513
1246021579	73400446	101318765
1246021579	101318765	95092849
1246021579	95092849	74973286
1246021579	99876978	83558513
1246021599	73400446	101318765
1246021599	73400446	95092849
1246021599	88604785	101318765
1246021599	88604785	95092849
1246021599	101318765	95092849
1246021599	95092849	74973286
1246021599	99876978	83558513
1246021619	88604785	74973286
1246021619	88604785	101318765
1246021619	95092849	74973286
1246021639	73400446	88604785
1246021639	88604785	95092849
1246021659	88604785	74973286
1246021659	95092849	74973286
1246021679	88604785	74973286
1246021679	95092849	74973286
1246021699	73400446	74973286
1246021699	95092849	74973286
1246021719	73400446	74973286
1246021719	73400446	101318765
1246021719	88604785	96075922
1246021719	101253239	98304118
1246021719	101318765	74973286
1246021719	95092849	74973286
1246021719	99876978	83558513
1246021739	73400446	88604785
1246021739	73400446	101318765
1246021739	73400446	95092849
1246021739	101318765	74973286
1246021739	99876978	83558513
1246021759	73400446	88604785
1246021759	73400446	95092849
1246021759	88604785	95092849
1246021759	101318765	74973286
1246021759	95092849	74973286
1246021759	78446700	74317949
1246021759	99876978	83558513
1246021779	73400446	88604785
1246021779	73400446	95092849
1246021779	88604785	95092849
1246021779	101253239	98304118
1246021779	101253239	74317949
1246021779	95092849	74973286
1246021779	74317949	98304118
1246021779	99876978	83558513
1246021799	73400446	88604785
1246021799	88604785	95092849
1246021799	101253239	98304118
1246021799	101253239	74317949
1246021799	95092849	74973286
1246021799	99876978	83558513
1246021819	73400446	95092849
1246021819	88604785	95092849
1246021819	101253239	98304118
1246021819	99876978	83558513
1246021839	73400446	74973286
1246021839	73400446	95092849
1246021839	88604785	101318765
1246021839	88604785	95092849
1246021839	101253239	98304118
1246021839	101253239	74317949
1246021839	101318765	95092849
1246021839	74317949	98304118
1246021839	99876978	83558513
1246021859	73400446	74973286
1246021859	73400446	101318765
1246021859	88604785	95092849
1246021859	101318765	95092849
1246021859	78446700	74317949
1246021859	74317949	98304118
1246021879	73400446	88604785
1246021879	73400446	74973286
1246021879	73400446	101318765
1246021879	88604785	101318765
1246021879	101253239	74317949
1246021879	99876978	83558513
1246021899	88604785	101318765
1246021899	88604785	95092849
1246021899	101253239	98304118
1246021899	101253239	74317949
1246021899	101318765	95092849
1246021899	101318765	74973286
1246021899	95092849	74973286
1246021919	88604785	101318765
1246021919	101253239	74317949
1246021919	95092849	74973286
1246021919	99876978	83558513
1246021939	101253239	74317949
1246021939	95092849	74973286
1246021939	99876978	83558513
1246021959	73400446	74973286
1246021959	73400446	101318765
1246021959	73400446	95092849
1246021959	88604785	101318765
1246021959	101253239	74317949
1246021959	101318765	95092849
1246021959	101318765	74973286
1246021959	95092849	74973286
1246021959	74317949	98304118
1246021979	73400446	88604785
1246021979	73400446	74973286
1246021979	73400446	101318765
1246021979	101253239	74317949
1246021979	95092849	74973286
1246021999	73400446	88604785
1246021999	73400446	101318765
1246021999	73400446	95092849
1246021999	101253239	98304118
1246021999	101253239	74317949
1246021999	101318765	95092849
1246021999	95092849	74973286
1246021999	99876978	83558513
1246022019	73400446	88604785
1246022019	73400446	101318765
1246022019	88604785	74973286
1246022019	88604785	101318765
1246022019	101253239	98304118
1246022019	101253239	74317949
1246022019	101318765	74973286
1246022039	73400446	88604785
1246022039	73400446	101318765
1246022039	88604785	74973286
1246022039	88604785	101318765
1246022039	101318765	74973286
1246022039	95092849	74973286
1246022039	99876978	83558513
1246022059	73400446	88604785
1246022059	73400446	101318765
1246022059	73400446	95092849
1246022059	88604785	101318765
1246022059	95092849	74973286
1246022079	73400446	88604785
1246022079	88604785	101318765
1246022079	95092849	74973286
1246022079	99876978	83558513
1246022099	73400446	74973286
1246022099	73400446	95092849
1246022099	88604785	74973286
1246022099	88604785	95092849
1246022099	101253239	74317949
1246022099	95092849	74973286
1246022119	73400446	96075922
1246022119	88604785	74973286
1246022119	101253239	98304118
1246022119	101318765	74973286
1246022119	95092849	74973286
1246022119	99876978	83558513
1246022139	73400446	95092849
1246022139	88604785	74973286
1246022159	73400446	74973286
1246022159	73400446	95092849
1246022159	101318765	74973286
1246022159	101318765	95092849
1246022159	95092849	74973286
1246022159	99876978	83558513
1246022179	73400446	95092849
1246022179	101253239	74317949
1246022179	95092849	74973286
1246022179	99876978	83558513
1246022199	73400446	95092849
1246022199	101253239	74317949
1246022199	101318765	95092849
1246022199	99876978	83558513
1246022219	73400446	101318765
1246022219	73400446	95092849
1246022219	101253239	74317949
1246022219	99876978	83558513
1246022239	73400446	95092849
1246022239	101253239	74317949
1246022239	101318765	74973286
1246022239	101318765	95092849
1246022239	95092849	74973286
1246022239	99876978	83558513
1246022259	73400446	83558513
1246022259	88604785	74973286
1246022259	88604785	101318765
1246022259	101253239	74317949
1246022259	101318765	74973286
1246022259	101318765	83558513
1246022259	99876978	83558513
1246022279	73400446	74973286
1246022279	88604785	101318765
1246022279	88604785	95092849
1246022279	101253239	98304118
1246022279	101253239	74317949
1246022279	99876978	83558513
1246022299	73400446	101318765
1246022299	88604785	101318765
1246022299	101253239	74317949
1246022299	101318765	95092849
1246022299	99876978	83558513
1246022319	73400446	88604785
1246022319	73400446	101318765
1246022319	88604785	74973286
1246022319	101253239	98304118
1246022319	101253239	74317949
1246022319	101318765	74973286
1246022319	101318765	95092849
1246022319	74317949	98304118
1246022319	99876978	83558513
1246022339	73400446	74973286
1246022339	101253239	98304118
1246022339	101253239	74317949
1246022339	101318765	95092849
1246022339	74317949	98304118
1246022339	99876978	83558513
1246022359	73400446	95092849
1246022359	88604785	95092849
1246022359	101253239	74317949
1246022359	101318765	74973286
1246022379	73400446	88604785
1246022379	73400446	74973286
1246022379	88604785	101318765
1246022379	101253239	98304118
1246022379	101253239	74317949
1246022379	101318765	74973286
1246022379	74317949	98304118
1246022399	88604785	101318765
1246022399	88604785	95092849
1246022399	101253239	74317949
1246022399	101318765	95092849
1246022399	99876978	83558513
1246022419	88604785	101318765
1246022419	101253239	98304118
1246022419	101253239	74317949
1246022419	101318765	95092849
1246022419	74317949	98304118
1246022439	73400446	101318765
1246022439	88604785	74973286
1246022439	101318765	95092849
1246022439	95092849	74973286
1246022439	74317949	98304118
1246022459	73400446	101318765
1246022459	88604785	101318765
1246022459	101253239	98304118
1246022459	101253239	74317949
1246022459	95092849	74973286
1246022459	74317949	98304118
1246022479	73400446	101318765
1246022499	73400446	101318765
1246022499	88604785	74973286
1246022499	101253239	74317949
1246022499	95092849	74973286
1246022499	101843075	77463669
1246022519	73400446	101318765
1246022519	88604785	101318765
1246022519	101253239	74317949
1246022519	101318765	95092849
1246022519	101843075	77463669
1246022539	73400446	101318765
1246022539	73400446	95092849
1246022539	88604785	101318765
1246022539	88604785	95092849
1246022539	101253239	98304118
1246022539	101318765	95092849
1246022539	95092849	74973286
1246022559	73400446	101318765
1246022559	73400446	95092849
1246022559	88604785	101318765
1246022559	101318765	95092849
1246022559	101843075	77463669
1246022579	73400446	88604785
1246022579	73400446	74973286
1246022579	73400446	101318765
1246022579	73400446	95092849
1246022579	88604785	101318765
1246022579	88604785	95092849
1246022579	95092849	74973286
1246022579	99876978	83558513
1246022599	73400446	74973286
1246022599	73400446	101318765
1246022599	101843075	77463669
1246022619	73400446	74973286
1246022619	73400446	88604785
1246022619	88604785	74973286
1246022619	101253239	98304118
1246022639	88604785	101318765
1246022639	78446700	74973286
1246022639	101843075	77463669
1246022639	99876978	83558513
1246022659	73400446	95092849
1246022659	101318765	74973286
1246022659	99876978	83558513
1246022679	73400446	95092849
1246022679	88604785	95092849
1246022679	101253239	74317949
1246022679	99876978	83558513
1246022699	73400446	88604785
1246022699	73400446	74973286
1246022699	73400446	101318765
1246022699	73400446	95092849
1246022699	88604785	95092849
1246022699	101253239	74317949
1246022699	101318765	95092849
1246022699	99876978	83558513
1246022719	88604785	95092849
1246022719	101318765	95092849
1246022739	73400446	101318765
1246022739	73400446	95092849
1246022739	88604785	95092849
1246022739	101253239	74317949
1246022739	99876978	83558513
1246022759	73400446	95092849
1246022759	101253239	74317949
1246022759	101318765	74973286
1246022759	99876978	83558513
1246022799	101253239	74317949
1246022799	101318765	74973286
1246022799	74317949	98304118
1246022799	99876978	83558513
1246022819	101253239	74317949
1246022819	101318765	95092849
1246022839	73400446	95092849
1246022839	78381180	76087418
1246022859	77922411	101843075
1246022859	101253239	98304118
1246022859	78381180	104398971
1246022859	99876978	83558513
1246022879	77922411	101843075
1246022879	101253239	98304118
1246022879	101253239	74317949
1246022879	74317949	98304118
1246022879	74514575	104136814
1246022879	101843075	77463669
1246022879	99876978	83558513
1246022899	73400446	88604785
1246022899	88604785	74973286
1246022899	101253239	98304118
1246022899	101253239	74317949
1246022899	74514575	83558513
1246022919	73400446	88604785
1246022919	73400446	95092849
1246022919	88604785	101318765
1246022919	101253239	98304118
1246022919	101318765	95092849
1246022919	74514575	99876978
1246022919	99876978	83558513
1246022939	73400446	95092849
1246022939	101843075	77463669
1246022939	99876978	83558513
1246022959	73400446	95092849
1246022959	88604785	95092849
1246022959	101318765	95092849
1246022959	101843075	77463669
1246022959	99876978	83558513
1246022979	88604785	101318765
1246022979	101253239	74317949
1246022979	78381180	99876978
1246022979	101843075	77463669
1246022979	99876978	83558513
1246022999	73400446	88604785
1246022999	88604785	101318765
1246022999	101318765	74973286
1246022999	99876978	83558513
1246023019	98304118	101253239
1246023019	101253239	74317949
1246023019	101318765	74973286
1246023019	99876978	83558513
1246023039	73400446	88604785
1246023039	73400446	101318765
1246023039	101318765	74973286
1246023039	101843075	77463669
1246023039	78381180	104398971
1246023059	88604785	74973286
1246023059	78381180	104398971
1246023079	78381180	104398971
1246023079	101253239	98304118
1246023099	101253239	98304118
1246023119	98304118	101253239
1246023119	101318765	95092849
1246023119	78381180	104398971
1246023139	73400446	88604785
1246023139	73400446	101318765
1246023139	73400446	95092849
1246023139	101318765	95092849
1246023139	101843075	77463669
1246023159	73400446	74973286
1246023159	73400446	101318765
1246023159	88604785	101318765
1246023159	101253239	98304118
1246023159	101318765	74973286
1246023159	74514575	104136814
1246023179	73400446	101318765
1246023179	73400446	95092849
1246023179	101318765	95092849
1246023179	74317949	98304118
1246023179	101253239	98304118
1246023199	101253239	98304118
1246023199	101843075	77463669
1246023219	74317949	98304118
1246023219	78381180	104398971
1246023219	101253239	98304118
1246023239	73400446	101318765
1246023239	101253239	98304118
1246023239	101253239	74317949
1246023239	78381180	104398971
1246023259	101253239	98304118
1246023259	101253239	74317949
1246023259	101843075	77463669
1246023279	74317949	101253239
1246023279	74317949	98304118
1246023279	101253239	98304118
1246023299	74317949	101253239
1246023299	74317949	98304118
1246023299	101253239	98304118
1246023319	96993408	96141441
1246023319	96141441	73269390
1246023339	96993408	96141441
1246023339	101253239	98304118
1246023339	101253239	74317949
1246023339	73269390	96141441
1246023359	78381180	104398971
1246023359	101253239	98304118
1246023379	96993408	96141441
1246023379	74317949	101253239
1246023379	78381180	104398971
1246023379	101253239	98304118
1246023379	96141441	73269390
1246023399	74514575	104136814
1246023399	96993408	96141441
1246023399	101253239	98304118
1246023399	101253239	74317949
1246023399	73269390	96141441
1246023419	96993408	96141441
1246023419	96993408	73269390
1246023439	73400446	95092849
1246023439	98304118	101253239
1246023439	96993408	96141441
1246023439	96993408	73269390
1246023459	101843075	77463669
1246023459	96993408	96141441
1246023459	96993408	73269390
1246023459	101253239	98304118
1246023479	96993408	96141441
1246023479	96993408	73269390
1246023479	101843075	77463669
1246023479	96141441	73269390
1246023499	73400446	88604785
1246023499	101318765	95092849
1246023499	73269390	96141441
1246023519	96993408	96141441
1246023519	101843075	77463669
1246023559	98304118	101253239
1246023559	96993408	96141441
1246023579	96993408	96141441
1246023579	96993408	73269390
1246023579	74317949	101253239
1246023579	74317949	98304118
1246023579	101843075	77463669
1246023579	101253239	98304118
1246023599	101253239	98304118
1246023599	74317949	98304118
1246023619	101253239	74317949
1246023619	74317949	98304118
1246023639	78381180	104398971
1246023659	73400446	101318765
1246023659	100335738	99352675
1246023659	101318765	95092849
1246023659	96993408	73269390
1246023679	101253239	74317949
1246023679	78381180	104398971
1246023699	101253239	74317949
1246023699	95092849	74973286
1246023699	78381180	104398971
1246023719	101253239	74317949
1246023719	78381180	104398971
1246023739	101253239	74317949
1246023739	101318765	95092849
1246023739	95092849	74973286
1246023759	95092849	74973286
1246023759	74317949	101253239
1246023779	95092849	74973286
1246023779	74317949	101253239
1246023779	101253239	98304118
1246023799	95092849	74973286
1246023799	78381180	104398971
1246023819	78381180	104398971
1246023859	96993408	96141441
1246023859	96993408	73269390
1246023859	78381180	104398971
1246023859	96141441	73269390
1246023879	78381180	104398971
1246023899	73400446	101318765
1246023899	78381180	104398971
1246023919	73400446	101318765
1246023919	101318765	95092849
1246023959	101318765	88604785
1246023959	101318765	95092849
1246023979	73400446	95092849
1246023979	88604785	95092849
1246023979	96993408	73269390
1246023999	73400446	95092849
1246023999	96141441	96993408
1246023999	88604785	95092849
1246023999	101318765	74973286
1246023999	78381180	104398971
1246024019	100335738	99352675
1246024019	101318765	74973286
1246024019	101318765	95092849
1246024019	78381180	104398971
1246024019	96993408	73269390
1246024039	96141441	96993408
1246024039	96141441	73269390
1246024039	78381180	104398971
1246024039	96993408	73269390
1246024039	100335738	99352675
1246024059	73400446	95092849
1246024059	101318765	88604785
1246024059	101318765	95092849
1246024059	95092849	74973286
1246024059	78381180	104398971
1246024079	73400446	74973286
1246024079	73400446	101318765
1246024079	88604785	101318765
1246024079	78381180	104398971
1246024079	101318765	74973286
1246024099	73400446	74973286
1246024099	73400446	101318765
1246024099	96141441	96993408
1246024099	96141441	73269390
1246024099	88604785	101318765
1246024099	101318765	74973286
1246024099	101318765	95092849
1246024099	95092849	74973286
1246024099	96993408	73269390
1246024119	88604785	73269390
1246024119	101318765	74973286
1246024119	101318765	73269390
1246024119	78381180	104398971
1246024119	96141441	73269390
1246024139	96993408	96141441
1246024139	96993408	73269390
1246024139	78381180	104398971
1246024159	96141441	96993408
1246024159	88604785	74973286
1246024159	78381180	104398971
1246024159	101318765	74973286
1246024159	96993408	73269390
1246024179	88604785	101318765
1246024179	101318765	74973286
1246024179	78381180	104398971
1246024179	78381180	76087418
1246024179	96993408	96141441
1246024179	96993408	73269390
1246024179	96141441	73269390
1246024199	73400446	95092849
1246024199	88604785	74973286
1246024199	96993408	96141441
1246024199	96993408	73269390
1246024199	96141441	73269390
1246024219	96141441	96993408
1246024219	96141441	73269390
1246024219	96993408	73269390
1246024219	101318765	88604785
1246024239	73400446	101318765
1246024239	96141441	96993408
1246024239	96141441	73269390
1246024239	96993408	73269390
1246024239	101318765	88604785
1246024239	101318765	100335738
1246024239	88604785	74973286
1246024259	96141441	96993408
1246024259	96141441	73269390
1246024259	101318765	74973286
1246024259	95092849	74973286
1246024279	96141441	96993408
1246024279	99352675	100335738
1246024299	96993408	96141441
1246024299	101318765	74973286
1246024319	101318765	74973286
1246024319	101318765	88604785
1246024319	99352675	100335738
1246024339	73400446	74973286
1246024339	73400446	88604785
1246024339	96993408	96141441
1246024339	101318765	74973286
1246024339	96141441	73269390
1246024359	100335738	99352675
1246024359	88604785	74973286
1246024379	73400446	95092849
1246024379	101318765	74973286
1246024379	96141441	73269390
1246024399	88604785	95092849
1246024399	101318765	74973286
1246024399	96993408	96141441
1246024399	96141441	73269390
1246024419	96141441	96993408
1246024419	96993408	73269390
1246024439	96993408	96141441
1246024439	96993408	73269390
1246024439	80150671	74776698
1246024439	96141441	73269390
1246024459	73400446	88604785
1246024459	73400446	101318765
1246024459	73400446	95092849
1246024459	96141441	96993408
1246024459	96141441	73269390
1246024459	101318765	74973286
1246024459	95092849	74973286
1246024459	96993408	73269390
1246024479	73400446	88604785
1246024479	73400446	101318765
1246024479	73400446	95092849
1246024479	73400446	80150671
1246024479	96141441	96993408
1246024479	96141441	73269390
1246024479	96993408	73269390
1246024479	101318765	95092849
1246024479	95092849	74973286
1246024479	95092849	88604785
1246024479	88604785	74973286
1246024499	73400446	74973286
1246024499	73400446	88604785
1246024499	73400446	95092849
1246024499	88604785	74973286
1246024499	88604785	95092849
1246024499	96141441	96993408
1246024499	80150671	74776698
1246024499	96993408	73269390
1246024499	95092849	74973286
1246024519	80150671	74776698
1246024539	96141441	73269390
1246024539	99352675	100335738
1246024559	100335738	99352675
1246024559	80150671	74776698
1246024579	80150671	74776698
1246024579	99352675	100335738
1246024579	86966420	75104371
1246024599	80150671	74776698
1246024599	86966420	75104371
1246024619	80150671	74776698
1246024619	86966420	75104371
1246024639	80150671	74776698
1246024639	99352675	100335738
1246024639	86966420	75104371
1246024659	80150671	74776698
1246024659	86966420	75104371
1246024679	80150671	74776698
1246024679	86966420	75104371
1246024699	80150671	74776698
1246024719	86966420	100335738
1246024739	80150671	74776698
1246024739	96993408	96141441
1246024759	80150671	74776698
1246024759	96993408	96141441
1246024779	80150671	74776698
1246024799	99352675	100335738
1246024819	80150671	74776698
1246024859	80150671	74776698
1246024859	99352675	100335738
1246024879	96141441	96993408
1246024879	96141441	73269390
1246024879	80150671	74776698
1246024879	99352675	100335738
1246024899	96141441	96993408
1246024919	96141441	96993408
1246024919	96141441	73269390
1246024919	96993408	73269390
1246024939	80150671	74776698
1246024939	96993408	96141441
1246024939	96993408	73269390
1246024939	96141441	73269390
1246024959	96141441	96993408
1246024979	96141441	96993408
1246024979	96141441	73269390
1246024979	80150671	74776698
1246024999	96993408	96141441
1246024999	96993408	73269390
1246025019	88604786	74973287
1246025019	96993408	96141441
1246025039	96993408	96141441
1246025039	96993408	73269390
1246025039	96141441	73269390
1246025059	96141441	96993408
1246025059	96141441	73269390
1246025059	80150671	74776698
1246025059	96993408	73269390
1246025079	96141441	73269390
1246025079	80150671	74776698
1246025099	96141441	96993408
1246025099	96141441	73269390
1246025099	80150671	74776698
1246025119	96141441	96993408
1246025119	80150671	74776698
1246025119	96993408	73269390
1246025159	96141441	73269390
1246025159	86966420	75104371
1246025179	96141441	73269390
1246025179	86966420	75104371
1246025199	96141441	96993408
1246025199	86966420	75104371
1246025219	99352675	75104371
1246025239	96141441	96993408
1246025259	96141441	96993408
1246025259	99352675	86966420
1246025259	86966420	75104371
1246025279	86966420	75104371
1246025299	96141441	96993408
1246025299	86966420	75104371
1246025319	96141441	96993408
1246025319	96141441	73269390
1246025319	86966420	75104371
1246025319	96993408	73269390
1246025339	96993408	96141441
1246025339	96993408	73269390
1246025339	96141441	73269390
1246025359	96141441	96993408
1246025359	86966420	75104371
1246025379	96141441	96993408
1246025399	96993408	96141441
1246025419	96141441	96993408
1246025419	86966420	75104371
1246025459	100335738	99352675
1246025459	88604786	74973287
1246025459	96993408	96141441
1246025479	96993408	96141441
1246025499	96141441	96993408
1246025499	86966420	75104371
1246025499	96993408	73269390
1246025519	88604786	74973287
1246025519	96141441	96993408
1246025519	96993408	73269390
1246025519	86966420	75104371
1246025539	100335738	99352675
1246025539	88604786	74973287
1246025539	96993408	96141441
1246025559	88604786	74973287
1246025559	96141441	96993408
1246025559	99352675	100335738
1246025579	88604786	74973287
1246025579	86966420	75104371
1246025599	96141441	96993408
1246025599	88604786	74973287
1246025619	88604786	74973287
1246025659	96141441	96993408
1246025679	96141441	96993408
1246025699	96993408	96141441
1246025699	78119030	74973287
1246025739	96141441	96993408
1246025759	96141441	96993408
1246025759	86966420	75104371
1246025779	96993408	96141441
1246025779	86966420	75104371
1246025799	100335738	99352675
1246025799	96993408	96141441
1246025799	99352675	75104371
1246025799	86966420	75104371
1246025819	96141441	96993408
1246025819	96141441	73269390
1246025819	86966420	75104371
1246025819	96993408	73269390
1246025879	96141441	96993408
1246025879	86966420	75104371
1246025899	96141441	96993408
1246025899	86966420	75104371
1246025919	99352675	100335738
1246025939	86966420	75104371
1246025959	96141441	96993408
1246025959	86966420	75104371
1246025979	96993408	96141441
1246025979	88604786	74973287
1246026019	100335738	99352675
1246026039	96993408	96141441
1246026039	86966420	75104371
1246026059	96993408	96141441
1246026079	96141441	96993408
1246026079	99352675	100335738
1246026099	100335738	99352675
1246026099	96993408	96141441
1246026099	96993408	73269390
1246026119	96141441	96993408
1246026139	96993408	96141441
1246026139	96993408	73269390
1246026139	86966420	75104371
1246026159	96141441	96993408
1246026159	96993408	73269390
1246026179	96141441	96993408
1246026179	86966420	75104371
1246026199	96141441	96993408
1246026199	88604786	74973287
1246026219	96993408	96141441
1246026219	88604786	74973287
1246026219	86966420	75104371
1246026239	96141441	96993408
1246026239	88604786	74973287
1246026259	96141441	96993408
1246026259	101318766	99352675
1246026279	78184565	78577781
1246026299	78184565	78577781
1246026299	96141441	73269390
1246026319	96141441	73269390
1246026319	78184565	78577781
1246026339	96141441	73269390
1246026359	78184565	78577781
1246026379	96993408	73269390
1246026439	96141441	96993408
1246026479	96141441	73269390
1246026499	96141441	96993408
1246026519	78184565	78577781
1246026539	78184565	78577781
1246026539	96993408	96141441
1246026539	96993408	73269390
1246026559	78184565	78577781
1246026579	96141441	96993408
1246026579	96141441	73269390
1246026579	78184565	78577781
1246026599	96141441	73269390
1246026619	96141441	96993408
1246026619	96141441	73269390
1246026619	96993408	73269390
1246026619	78184565	78577781
1246026639	96141441	96993408
1246026639	96141441	73269390
1246026639	78184565	78577781
1246026639	96993408	73269390
1246026659	96141441	73269390
1246026659	99352675	100335738
1246026679	96141441	96993408
1246026679	96141441	73269390
1246026679	99352675	100335738
1246026699	96141441	96993408
1246026699	96141441	73269390
1246026699	78184565	78577781
1246026719	96141441	96993408
1246026719	96141441	73269390
1246026719	96993408	73269390
1246026719	78184565	78577781
1246026739	78184565	78577781
1246026739	96993408	96141441
1246026739	96993408	73269390
1246026739	96141441	73269390
1246026759	96141441	73269390
1246026779	96141441	73269390
1246026799	96141441	96993408
1246026799	96141441	73269390
1246026799	101318766	96993408
1246026819	96993408	96141441
1246026819	96993408	73269390
1246026819	78184565	78577781
1246026819	96141441	73269390
1246026839	96141441	96993408
1246026839	96141441	73269390
1246026839	78184565	78577781
1246026839	96993408	73269390
1246026859	78184565	78577781
1246026919	78184565	78577781
1246026979	78119030	99352675
1246027019	78184565	78577781
1246027019	99352675	100335738
1246027039	78184565	78577781
1246027039	99352675	100335738
1246027059	78184565	78577781
1246027079	78184565	78577781
1246027099	73400448	75104372
1246027099	80150672	75104372
1246027099	78184565	78577781
1246027099	101318766	75104372
1246027139	73400448	75104372
1246027139	73400448	73597076
1246027139	88604786	74973287
1246027159	73400448	75104372
1246027159	73400448	73597076
1246027159	73400448	80150672
1246027159	73597076	75104372
1246027159	73597076	80150672
1246027159	80150672	75104372
1246027179	73400448	75104372
1246027179	73400448	73597076
1246027179	73400448	80150672
1246027179	73597076	75104372
1246027179	73597076	80150672
1246027179	80150672	75104372
1246027199	73400448	75104372
1246027199	73400448	73597076
1246027219	73400448	75104372
1246027219	73400448	73597076
1246027219	73400448	80150672
1246027219	73597076	75104372
1246027219	78184565	78577781
1246027239	73400448	75104372
1246027239	73400448	80150672
1246027239	73597076	80150672
1246027239	80150672	75104372
1246027239	88604786	74973287
1246027259	73400448	75104372
1246027259	73400448	80150672
1246027259	73597076	80150672
1246027259	80150672	75104372
1246027259	88604786	74973287
1246027259	78184565	78577781
1246027279	73400448	75104372
1246027279	73597076	75104372
1246027279	73597076	80150672
1246027279	80150672	75104372
1246027299	73400448	75104372
1246027299	73400448	80150672
1246027299	73597076	80150672
1246027299	80150672	75104372
1246027299	88604786	74973287
1246027319	73400448	80150672
1246027319	73597076	80150672
1246027319	80150672	75104372
1246027339	73400448	75104372
1246027339	73400448	80150672
1246027339	73597076	75104372
1246027339	73597076	80150672
1246027339	80150672	75104372
1246027359	73400448	75104372
1246027359	73400448	80150672
1246027359	73597076	75104372
1246027359	73597076	80150672
1246027359	80150672	75104372
1246027379	73400448	75104372
1246027379	73400448	73597076
1246027379	73400448	80150672
1246027379	73597076	75104372
1246027379	73597076	80150672
1246027399	73400448	75104372
1246027399	73400448	73597076
1246027399	73597076	75104372
1246027399	73597076	80150672
1246027399	80150672	75104372
1246027399	78119030	75104372
1246027399	78184565	78577781
1246027419	73400448	73597076
1246027419	73400448	80150672
1246027419	73597076	75104372
1246027419	73597076	80150672
1246027419	80150672	75104372
1246027419	78184565	78577781
1246027439	73400448	75104372
1246027439	73400448	80150672
1246027439	73597076	75104372
1246027439	78184565	78577781
1246027459	73400448	75104372
1246027459	73400448	73597076
1246027459	73597076	80150672
1246027459	78184565	78577781
1246027479	73400448	75104372
1246027479	73400448	73597076
1246027479	73597076	75104372
1246027479	73597076	80150672
1246027479	78184565	78577781
1246027499	73400448	75104372
1246027499	73597076	80150672
1246027499	78184565	99352675
1246027499	78184565	78577781
1246027519	73400448	75104372
1246027519	73597076	80150672
1246027519	78184565	78577781
1246027519	88604786	74973287
1246027539	73400448	75104372
1246027539	73597076	80150672
1246027539	78184565	78577781
1246027559	73400448	75104372
1246027559	73400448	73597076
1246027559	73400448	80150672
1246027559	73597076	75104372
1246027559	73597076	80150672
1246027559	80150672	75104372
1246027559	88604786	74973287
1246027559	78184565	99352675
1246027559	78184565	78577781
1246027579	73400448	75104372
1246027579	73400448	73597076
1246027579	73597076	75104372
1246027579	73597076	80150672
1246027579	80150672	75104372
1246027579	88604786	74973287
1246027579	78184565	78577781
1246027599	73400448	75104372
1246027599	73400448	73597076
1246027599	73597076	75104372
1246027599	73597076	80150672
1246027599	80150672	75104372
1246027599	78184565	99352675
1246027599	78184565	78577781
1246027619	73400448	75104372
1246027619	73400448	73597076
1246027619	73400448	80150672
1246027619	73597076	80150672
1246027619	78184565	78577781
1246027639	73400448	75104372
1246027639	73597076	80150672
1246027639	78184565	100335738
1246027639	78184565	78577781
1246027659	73400448	75104372
1246027659	73597076	80150672
1246027659	78184565	100335738
1246027659	78184565	78577781
1246027679	73400448	75104372
1246027679	73597076	78119030
1246027679	73597076	75104372
1246027679	78184565	99352675
1246027679	78184565	78577781
1246027699	73400448	78119030
1246027699	73400448	75104372
1246027699	73400448	73597076
1246027699	73597076	78119030
1246027699	73597076	75104372
1246027699	78184565	78577781
1246027719	73400448	75104372
1246027719	73400448	73597076
1246027719	73597076	75104372
1246027739	73400448	75104372
1246027739	73597076	80150672
1246027759	73400448	75104372
1246027779	73400448	75104372
1246027799	73400448	75104372
1246027819	73400448	75104372
1246027819	73400448	73597076
1246027839	73400448	75104372
1246027839	73400448	73597076
1246027839	73597076	75104372
1246027859	73400448	73597076
1246027859	73597076	75104372
1246027879	73400448	75104372
1246027879	73400448	73597076
1246027879	73597076	75104372
1246027879	78184565	78577781
1246027899	73400448	75104372
1246027899	73400448	73597076
1246027899	73597076	75104372
1246027939	73400448	75104372
1246027939	73400448	73597076
1246027939	73597076	75104372
1246027939	78184565	78577781
1246027959	73400448	75104372
1246027959	73400448	73597076
1246027979	73400448	75104372
1246027979	78184565	75104372
1246028019	73597076	75104372
1246028039	73400448	75104372
1246028039	73400448	73597076
1246028039	73597076	75104372
1246028059	73400448	75104372
1246028059	73400448	73597076
1246028059	73597076	75104372
1246028079	73400448	73597076
1246028079	73400448	80150672
1246028079	73597076	75104372
1246028099	73400448	73597076
1246028099	73400448	99352675
1246028119	73400448	75104372
1246028119	73400448	73597076
1246028139	73400448	75104372
1246028139	73400448	73597076
1246028139	73597076	75104372
1246028159	73400448	75104372
1246028159	73597076	75104372
1246028179	73400448	75104372
1246028179	73400448	73597076
1246028199	73597076	75104372
1246028219	73400448	75104372
1246028219	73400448	80150672
1246028219	73597076	75104372
1246028219	73597076	80150672
1246028219	80150672	75104372
1246028239	73400448	73597076
1246028239	73597076	75104372
1246028239	73597076	80150672
1246028259	73597076	75104372
1246028279	73400448	75104372
1246028299	73400448	75104372
1246028319	99352675	100335738
1246028339	73597076	75104372
1246028339	99352675	100335738
1246028339	78577781	88604787
1246028359	73400448	80150672
1246028359	73597076	75104372
1246028359	78184565	78577781
1246028359	99352675	100335738
1246028379	73400448	73597076
1246028379	99352675	100335738
1246028399	99352675	100335738
1246028419	73400448	75104372
1246028419	73597076	80150672
1246028419	78119030	78184565
1246028419	78184565	78577781
1246028419	99352675	100335738
1246028439	73400448	73597076
1246028439	73597076	80150672
1246028439	78184565	78577781
1246028439	100335738	99352675
1246028459	73400448	75104372
1246028459	73400448	73597076
1246028459	73400448	80150672
1246028459	80150672	75104372
1246028459	99352675	100335738
1246028479	73400448	73597076
1246028479	73400448	80150672
1246028479	78184565	78577781
1246028479	99352675	100335738
1246028499	73400448	80150672
1246028499	80150672	75104372
1246028499	78184565	78577781
1246028499	100335738	99352675
1246028519	80150672	75104372
1246028519	99352675	100335738
1246028539	80150672	75104372
1246028539	99352675	100335738
1246028559	73400448	75104372
1246028559	80150672	75104372
1246028559	99352675	100335738
1246028579	99352675	100335738
1246028599	99352675	100335738
1246028639	73400448	80150672
1246028659	73597076	75104372
1246028679	73597076	75104372
1246028699	73400448	80150672
1246028699	73597076	75104372
1246028739	73400448	75104372
1246028739	73400448	73597076
1246028739	73400448	80150672
1246028759	73400448	75104372
1246028759	73400448	73597076
1246028779	73400448	73597076
1246028799	73400448	73597076
1246028799	73597076	75104372
1246028819	73400448	73597076
1246028839	73400448	73597076
1246028839	73597076	75104372
1246028839	99352675	100335738
1246028859	73400448	75104372
1246028859	73400448	73597076
1246028859	73597076	75104372
1246028859	73597076	80150672
1246028859	99352675	100335738
1246028879	73400448	75104372
1246028879	73400448	73597076
1246028879	99352675	100335738
1246028899	73400448	75104372
1246028899	99352675	100335738
1246028919	73400448	75104372
1246028919	73400448	73597076
1246028919	80150672	75104372
1246029039	73400448	73597076
1246029039	73400448	80150672
1246029059	73400448	80150672
1246029099	73400448	73597076
1246029139	73400448	83034252
1246029139	73400448	80150672
1246029159	80150672	83034252
1246029179	73400448	80150672
1246029199	73400448	80150672
1246029199	80150672	75104372
1246029219	73597076	80150672
1246029239	73400448	75104372
1246029279	73597076	75104372
1246029319	73400448	75104372
1246029319	73400448	73597076
1246029319	73597076	75104372
1246029339	73400448	75104372
1246029339	73400448	73597076
1246029339	73597076	75104372
1246029359	73400448	75104372
1246029379	73597076	75104372
1246029379	90636424	99680413
1246029399	80150672	99680413
1246029399	90636424	99680413
1246029419	73400448	99680413
1246029419	73400448	73597076
1246029419	73400448	80150672
1246029419	73597076	80150672
1246029419	90636424	99680413
1246029419	90636424	75104372
1246029419	99680413	75104372
1246029439	73400448	75104372
1246029439	73400448	73597076
1246029439	73400448	80150672
1246029439	73597076	75104372
1246029439	73597076	80150672
1246029439	90636424	99680413
1246029439	80150672	75104372
1246029459	73400448	75104372
1246029459	73400448	73597076
1246029459	73400448	80150672
1246029459	73597076	75104372
1246029459	73597076	80150672
1246029459	80150672	75104372
1246029459	90636424	99680413
1246029499	90636424	99680413
1246029519	90636424	99680413
1246029539	90636424	99680413
1246029559	90636424	99680413
1246029579	99680413	90636424
1246029599	99680413	90636424
1246029619	99680413	90636424
1246029639	99680413	90636424
1246029659	100335738	99352675
1246029679	99352675	100335738
1246029699	99680413	90636424
1246029779	99680413	90636424
1246029799	99680413	90636424
1246029839	100335738	99352675
1246029879	100335738	99352675
1246029899	100335738	99352675
1246029919	99680413	90636424
1246029919	99352675	100335738
1246029939	99680413	90636424
1246029959	99680413	90636424
1246029979	99680413	90636424
1246029999	99680413	90636424
1246030019	73597077	73269391
1246030019	90636424	99680413
1246030039	73597077	73269391
1246030059	73597077	73269391
1246030059	90636424	99680413
1246030059	99352675	100335738
1246030079	73597077	73269391
1246030079	90636424	99680413
1246030099	73597077	73269391
1246030099	99352675	100335738
1246030119	99352675	100335738
1246030139	99352675	100335738
1246030179	73597077	73269391
1246030199	73597077	73269391
1246030219	73597077	73269391
1246030259	73597077	73269391
1246030339	73597077	73269391
1246030379	74514576	101318767
1246030379	74514576	104202360
1246030379	101318767	104202360
1246030399	73597077	73269391
1246030399	101318767	74514576
1246030419	73597077	73269391
1246030419	101318767	74514576
1246030419	74514576	104202360
1246030439	73597077	73269391
1246030439	74514576	101318767
1246030439	74514576	104202360
1246030459	73597077	73269391
1246030459	99680413	90636424
1246030459	101318767	104202360
1246030479	101318767	104202360
1246030479	74514576	104202360
1246030499	101318767	104202360
1246030499	104202360	74514576
1246030519	73597077	73269391
1246030519	101318767	104202360
1246030519	74514576	104202360
1246030539	73597077	73269391
1246030539	101318767	74514576
1246030539	101318767	104202360
1246030539	104202360	74514576
1246030559	101318767	74514576
1246030559	101318767	104202360
1246030559	104202360	74514576
1246030579	101318767	74514576
1246030579	101318767	104202360
1246030579	104202360	74514576
1246030599	101318767	74514576
1246030599	104202360	74514576
1246030619	73597077	83034252
1246030619	73597077	73269391
1246030619	101318767	74514576
1246030619	101318767	104202360
1246030639	73597077	73269391
1246030639	101318767	104202360
1246030639	104202360	74514576
1246030659	101318767	74514576
1246030659	101318767	104202360
1246030659	104202360	74514576
1246030679	101318767	74514576
1246030679	101318767	104202360
1246030679	74514576	104202360
1246030699	73597077	73269391
1246030719	73597077	73269391
1246030719	90636424	99680413
1246030739	90636424	99680413
1246030759	90636424	99680413
1246030759	101318767	74514576
1246030759	74514576	104202360
1246030779	73597077	73269391
1246030779	90636424	99680413
1246030779	101318767	74514576
1246030799	73597077	90636424
1246030799	101318767	74514576
1246030819	73597077	73269391
1246030819	101318767	74514576
1246030839	73597077	73269391
1246030839	101318767	74514576
1246030859	73597077	73269391
1246030859	90636424	99680413
1246030859	101318767	74514576
1246030879	90636424	99680413
1246030899	73597077	73269391
1246030899	101318767	74514576
1246030919	73597077	73269391
1246030919	101318767	74514576
1246030959	101318767	74514576
1246030959	74514576	104202360
1246030979	101318767	74514576
1246030979	104202360	74514576
1246030999	101318767	74514576
1246030999	101318767	104202360
1246030999	74514576	104202360
1246031019	101318767	74514576
1246031039	73597077	73269391
1246031039	101318767	74514576
1246031059	73597077	73269391
1246031059	101318767	74514576
1246031079	73597077	73269391
1246031079	101318767	74514576
1246031099	73597077	73269391
1246031099	101318767	74514576
1246031119	73597077	73269391
1246031159	101318767	74514576
1246031179	101318767	74514576
1246031199	101318767	74514576
1246031219	94503027	100991123
1246031219	73597077	73269391
1246031239	73597077	73269391
1246031259	73597077	73269391
1246031259	101318767	74514576
1246031259	74514576	104202360
1246031279	90636424	99680413
1246031299	73597077	73269391
1246031299	90636424	99680413
1246031299	101318767	74514576
1246031299	104202360	74514576
1246031319	73597077	73269391
1246031319	90636424	99680413
1246031319	101318767	74514576
1246031319	101318767	104202360
1246031319	74514576	104202360
1246031339	73597077	73269391
1246031339	90636424	99680413
1246031359	73597077	73269391
1246031359	99680413	90636424
1246031379	73597077	73269391
1246031379	104202360	74514576
1246031399	90636424	99680413
1246031399	104202360	74514576
1246031419	94503027	100991123
1246031419	73597077	73269391
1246031419	101318767	74514576
1246031419	74514576	104202360
1246031439	73597077	73269391
1246031439	90636424	99680413
1246031459	73597077	73269391
1246031459	100991123	99680413
1246031459	100991123	90636424
1246031459	90636424	99680413
1246031459	101318767	74514576
1246031459	104202360	74514576
1246031479	73597077	73269391
1246031479	100991123	99680413
1246031479	99680413	90636424
1246031499	74514576	104202360
1246031499	73597077	73269391
1246031519	73269391	73597077
1246031539	73597077	73269391
1246031599	73269391	73597077
1246031619	73597077	73269391
1246031639	73597077	73269391
1246031659	73597077	73269391
1246031679	73597077	73269391
1246031699	74514576	101318767
1246031699	74514576	104202360
1246031699	101318767	104202360
1246031719	73597077	73269391
1246031719	101318767	104202360
1246031739	73597077	73269391
1246031779	74514576	101318767
1246031819	73597077	73269391
1246031919	74514576	104202360
1246031939	73597077	73269391
1246031939	74514576	104202360
1246031959	73597077	73269391
1246031959	101318767	74514576
1246031959	74514576	104202360
1246031979	73597077	73269391
1246031999	73597077	73269391
1246031999	74514576	104202360
1246032019	73597077	73269391
1246032039	73597077	73269391
1246032039	101318767	74514576
1246032039	101318767	104202360
1246032039	74514576	104202360
1246032059	73597077	73269391
1246032059	101318767	74514576
1246032059	74514576	104202360
1246032079	73597077	73269391
1246032099	73597077	73269391
1246032119	73597077	73269391
1246032139	73597077	73269391
1246032139	99352676	100335739
1246032159	73597077	73269391
1246032159	99352676	100335739
1246032179	73597077	73269391
1246032179	99352676	100335739
1246032199	73597077	73269391
1246032199	101318767	104202360
1246032199	99352676	100335739
1246032219	73597077	73269391
1246032219	99352676	100335739
1246032239	73597077	73269391
1246032239	99352676	100335739
1246032259	73597077	73269391
1246032279	73597077	73269391
1246032279	99352676	100335739
1246032279	101843076	104136815
1246032299	73597077	73269391
1246032299	99352676	100335739
1246032319	73597077	73269391
1246032319	99352676	100335739
1246032319	74514576	104202360
1246032339	73597077	73269391
1246032339	101318767	74514576
1246032339	99352676	100335739
1246032359	73597077	73269391
1246032359	99352676	100335739
1246032379	73597077	73269391
1246032379	99352676	100335739
1246032399	73597077	73269391
1246032399	99352676	100335739
1246032399	74514576	104202360
1246032419	73597077	73269391
1246032419	101318767	74514576
1246032419	101318767	104202360
1246032419	74514576	104202360
1246032439	73597077	73269391
1246032459	73597077	73269391
1246032459	99352676	100335739
1246032459	101843076	104136815
1246032479	73597077	73269391
1246032479	99352676	101843076
1246032479	99352676	100335739
1246032479	101843076	100335739
1246032499	73597077	73269391
1246032499	99352676	101843076
1246032499	99352676	100335739
1246032499	101843076	100335739
1246032499	101843076	104136815
1246032519	73597077	73269391
1246032519	99352676	101843076
1246032519	99352676	100335739
1246032519	101843076	104136815
1246032539	73597077	73269391
1246032539	99352676	100335739
1246032559	73597077	73269391
1246032559	99352676	101843076
1246032559	99352676	100335739
1246032559	101843076	104136815
1246032579	73597077	73269391
1246032579	96993409	75104373
1246032579	99352676	101843076
1246032579	99352676	100335739
1246032579	101843076	104136815
1246032599	73597077	73269391
1246032599	96993409	75104373
1246032599	99352676	101843076
1246032599	99352676	100335739
1246032599	101843076	100335739
1246032619	73597077	73269391
1246032619	99352676	100335739
1246032639	73597077	73269391
1246032639	99352676	100335739
1246032659	73597077	73269391
1246032659	99352676	100335739
1246032679	73597077	73269391
1246032679	99352676	100335739
1246032699	73597077	73269391
1246032699	99352676	100335739
1246032719	73597077	73269391
1246032719	96993409	75104373
1246032719	99352676	100335739
1246032739	73597077	73269391
1246032739	99352676	100335739
1246032759	73597077	73269391
1246032759	99352676	100335739
1246032779	73597077	73269391
1246032779	99352676	100335739
1246032799	73597077	73269391
1246032799	99352676	100335739
1246032819	73597077	73269391
1246032819	99352676	100335739
1246032839	73597077	73269391
1246032839	96993409	75104373
1246032859	73597077	73269391
1246032859	96993409	75104373
1246032879	73597077	73269391
1246032879	99352676	100335739
1246032899	73597077	73269391
1246032919	73597077	73269391
1246032919	96993409	75104373
1246032939	73597077	73269391
1246032939	99352676	100335739
1246032959	73597077	73269391
1246032959	96993409	75104373
1246032959	99352676	100335739
1246032979	73597077	73269391
1246032999	73597077	73269391
1246032999	99352676	100335739
1246033019	73597077	73269391
1246033019	96993409	75104373
1246033039	73597077	73269391
1246033059	73597077	73269391
1246033059	96993409	75104373
1246033079	73597077	73269391
1246033079	96993409	75104373
1246033079	99352676	100335739
1246033099	73597077	73269391
1246033099	99352676	100335739
1246033119	73597077	73269391
1246033139	73597077	73269391
1246033159	73597077	73269391
1246033179	73597077	73269391
1246033179	96993409	75104373
1246033219	73597077	73269391
1246033259	94503028	100991124
1246033259	73597077	73269391
1246033279	94503028	100991124
1246033279	96993409	75104373
1246033299	94503028	100991124
1246033299	96993409	75104373
1246033399	99352676	100335739
1246033419	96993409	75104373
1246033439	96993409	75104373
1246033479	96993409	75104373
1246033479	99352676	100335739
1246033519	94503028	100991124
1246033519	99352676	100335739
1246033559	99352676	100335739
1246033579	99352676	100335739
1246033599	99352676	100335739
1246033619	99352676	100335739
1246033639	99352676	100335739
1246033659	96993409	75104373
1246033679	90636425	99680414
1246033679	96993409	75104373
1246033679	99352676	100335739
1246033699	90636425	99680414
1246033699	99352676	100335739
1246033719	90636425	99680414
1246033719	96993409	75104373
1246033719	99352676	100335739
1246033739	90636425	99680414
1246033739	99352676	100335739
1246033759	99352676	100335739
1246033779	99352676	100335739
1246033799	96993409	75104373
1246033819	103153776	100466801
1246033819	90636425	99680414
1246033819	96993409	75104373
1246033839	94503028	100991124
1246033839	103153776	100466801
1246033839	90636425	99680414
1246033859	103153776	100466801
1246033859	90636425	99680414
1246033879	103153776	100466801
1246033879	90636425	99680414
1246033899	103153776	100466801
1246033899	90636425	99680414
1246033919	103153776	100466801
1246033919	90636425	99680414
1246033939	103153776	100466801
1246033959	98631792	84476037
1246033959	103153776	100466801
1246033959	96993409	75104373
1246033979	98631792	84476037
1246033979	103153776	100466801
1246033999	98631792	84476037
1246033999	103153776	100466801
1246033999	96993409	75104373
1246034019	98631792	84476037
1246034019	103153776	100466801
1246034039	98631792	84476037
1246034039	103153776	100466801
1246034059	103153776	100466801
1246034079	98631792	84476037
1246034079	103153776	100466801
1246034079	90636425	99680414
1246034079	96993409	75104373
1246034099	98631792	84476037
1246034099	103153776	100466801
1246034099	90636425	99680414
1246034119	98631792	84476037
1246034119	103153776	100466801
1246034119	96993409	75104373
1246034139	98631792	84476037
1246034139	96993409	75104373
1246034159	98631792	84476037
1246034159	98631792	75104373
1246034159	96993409	75104373
1246034179	98631792	84476037
1246034179	96993409	75104373
1246034199	98631792	84476037
1246034199	90636425	99680414
1246034199	96993409	75104373
1246034219	98631792	84476037
1246034219	90636425	100466801
1246034219	96993409	75104373
1246034239	98631792	84476037
1246034239	103153776	100466801
1246034239	90636425	99680414
1246034239	96993409	75104373
1246034239	99680414	100466801
1246034259	103153776	100466801
1246034259	90636425	99680414
1246034259	96993409	75104373
1246034279	98631792	84476037
1246034279	103153776	100466801
1246034279	90636425	100466801
1246034299	98631792	84476037
1246034299	103153776	100466801
1246034319	98631792	84476037
1246034319	103153776	100466801
1246034319	90636425	99680414
1246034339	98631792	84476037
1246034339	103153776	100466801
1246034339	90636425	99680414
1246034359	98631792	84476037
1246034359	90636425	99680414
1246034379	98631792	84476037
1246034379	103153776	100466801
1246034379	96993409	75104373
1246034399	98631792	84476037
1246034399	103153776	100466801
1246034419	98631792	84476037
1246034419	90636425	99680414
1246034439	98631792	84476037
1246034439	90636425	99680414
1246034459	98631792	84476037
1246034459	90636425	99680414
1246034459	96993409	75104373
1246034479	98631792	84476037
1246034479	90636425	99680414
1246034479	96993409	75104373
1246034499	98631792	84476037
1246034499	90636425	99680414
1246034499	90636425	75104373
1246034499	101843076	104136815
1246034519	98631792	84476037
1246034519	103153776	100466801
1246034519	90636425	99680414
1246034519	96993409	75104373
1246034539	98631792	84476037
1246034539	103153776	100466801
1246034539	90636425	99680414
1246034539	96993409	75104373
1246034559	98631792	84476037
1246034559	90636425	99680414
1246034559	96993409	75104373
1246034579	98631792	84476037
1246034579	96993409	75104373
1246034599	98631792	84476037
1246034599	96993409	75104373
1246034619	98631792	84476037
1246034619	90636425	99680414
1246034639	98631792	84476037
1246034639	90636425	99680414
1246034659	98631792	84476037
1246034679	98631792	84476037
1246034679	103153776	100466801
1246034699	98631792	84476037
1246034699	103153776	100466801
1246034719	98631792	84476037
1246034739	98631792	84476037
1246034739	103153776	100466801
1246034739	78381181	100270181
1246034739	78381181	99876979
1246034759	98631792	84476037
1246034759	103153776	100466801
1246034779	98631792	84476037
1246034779	103153776	100466801
1246034799	98631792	84476037
1246034799	103153776	100466801
1246034799	78381181	99876979
1246034819	98631792	84476037
1246034819	103153776	100466801
1246034819	78381181	99876979
1246034839	98631792	84476037
1246034839	103153776	100466801
1246034839	78381181	99876979
1246034859	98631792	84476037
1246034859	103153776	100466801
1246034859	99876979	100270181
1246034879	98631792	84476037
1246034879	103153776	100466801
1246034879	78381181	99876979
1246034899	98631792	84476037
1246034899	103153776	100466801
1246034899	78381181	99876979
1246034919	98631792	84476037
1246034919	103153776	100466801
1246034939	103153776	100466801
1246034959	98631792	84476037
1246034959	103153776	100466801
1246034959	78381181	99876979
1246034979	103153776	100466801
1246034979	90636425	99680414
1246034979	78381181	99876979
1246034999	98631792	84476037
1246034999	103153776	100466801
1246034999	90636425	99680414
1246034999	78381181	99876979
1246035019	98631792	84476037
1246035019	103153776	100466801
1246035019	90636425	99680414
1246035019	78381181	99876979
1246035039	98631792	84476037
1246035039	103153776	100466801
1246035039	90636425	99680414
1246035039	78381181	99876979
1246035059	98631792	84476037
1246035059	103153776	100466801
1246035059	90636425	99680414
1246035079	103153776	100466801
1246035099	103153776	100466801
1246035099	90636425	99680414
1246035119	103153776	100466801
1246035119	90636425	99680414
1246035139	98631792	84476037
1246035139	103153776	100466801
1246035139	90636425	99680414
1246035159	98631792	84476037
1246035159	103153776	100466801
1246035179	90636425	99680414
1246035199	90636425	99680414
1246035219	103153776	100466801
1246035219	90636425	99680414
1246035239	98631792	84476037
1246035259	98631792	84476037
1246035259	103153776	100466801
1246035259	90636425	99680414
1246035259	74317950	101253240
1246035279	98631792	84476037
1246035279	103153776	100466801
1246035279	90636425	99680414
1246035279	78381181	99876979
1246035299	98631792	84476037
1246035299	103153776	100466801
1246035299	78381181	99876979
1246035319	98631792	84476037
1246035319	103153776	100466801
1246035339	103153776	100466801
1246035359	103153776	100466801
1246035379	98631792	84476037
1246035399	103153776	100466801
1246035419	98631792	84476037
1246035419	103153776	100466801
1246035439	98631792	84476037
1246035439	103153776	100466801
1246035439	78381181	99876979
1246035459	98631792	84476037
1246035459	103153776	100466801
1246035459	90636425	99680414
1246035459	78381181	99876979
1246035479	78381181	99876979
1246035479	74317950	101253240
1246035499	103153776	100466801
1246035499	90636425	99680414
1246035499	74317950	101253240
1246035519	103153776	100466801
1246035539	101253240	74317950
1246035539	78381181	99876979
1246035559	103153776	100466801
1246035559	74317950	101253240
1246035579	98631792	84476037
1246035579	103153776	100466801
1246035579	101253240	74317950
1246035579	78381181	99876979
1246035599	98631792	84476037
1246035599	103153776	100466801
1246035599	101253240	74317950
1246035599	78381181	99876979
1246035619	98631792	84476037
1246035619	103153776	100466801
1246035619	74317950	101253240
1246035639	98631792	84476037
1246035639	103153776	100466801
1246035639	101253240	74317950
1246035659	90636425	99680414
1246035659	74317950	101253240
1246035679	103153776	100466801
1246035679	90636425	99680414
1246035679	101253240	74317950
1246035699	103153776	100466801
1246035699	101253240	74317950
1246035699	99680414	100270181
1246035719	103153776	100466801
1246035719	101253240	74317950
1246035739	103153776	100466801
1246035739	90636425	99680414
1246035739	74317950	101253240
1246035759	98631792	84476037
1246035759	103153776	100466801
1246035759	78381181	99876979
1246035779	78381181	99876979
1246035799	103153776	100466801
1246035799	78381181	99876979
1246035799	74317950	101253240
1246035819	103153776	100466801
1246035839	84476037	100270181
1246035859	103153776	100466801
1246035859	90636425	99680414
1246035859	78381181	99876979
1246035879	84476037	100270181
1246035899	78381181	99876979
1246035919	103153776	100466801
1246035979	103153776	100466801
1246035999	78381181	99876979
1246036019	103153776	100466801
1246036019	78381181	99876979
1246036039	78381181	99876979
1246036059	78381181	99876979
1246036079	103153776	100466801
1246036099	101253240	74317950
1246036119	103153776	100466801
1246036119	101253240	74317950
1246036139	103153776	100466801
1246036139	101253240	74317950
1246036179	103153776	100466801
1246036179	74317950	101253240
1246036199	103153776	100466801
1246036199	101253240	74317950
1246036239	74317950	99680414
1246036239	74317950	101253240
1246036239	99680414	101253240
1246036259	101253240	74317950
1246036279	84476037	101843076
1246036279	74317950	101253240
1246036299	103153776	100466801
1246036299	74317950	101253240
1246036299	101843076	104136815
1246036319	103153776	100466801
1246036359	103153776	100466801
1246036379	103153776	100466801
1246036379	101253240	74317950
1246036419	103153776	100466801
1246036439	103153776	100466801
1246036459	76284027	98304119
1246036479	76284027	98304119
1246036499	76284027	98304119
1246036519	103153776	100466801
1246036519	74317950	101253240
1246036519	76284027	98304119
1246036539	103153776	100466801
1246036539	74317950	101253240
1246036559	103153776	100466801
1246036559	101253240	74317950
1246036559	76284027	98304119
1246036579	103153776	100466801
1246036579	76284027	84476037
1246036579	76284027	98304119
1246036599	103153776	100466801
1246036599	76284027	84476037
1246036599	76284027	98304119
1246036599	84476037	98304119
1246036619	84476037	76284027
1246036619	84476037	98304119
1246036619	76284027	98304119
1246036619	74317950	101253240
1246036639	84476037	76284027
1246036639	84476037	98304119
1246036639	76284027	98304119
1246036639	74317950	101253240
1246036659	84476037	76284027
1246036659	84476037	98304119
1246036679	103153776	100466801
1246036679	101253240	74317950
1246036679	84476037	98304119
1246036699	103153776	100466801
1246036719	76284027	84476037
1246036759	101253240	74317950
1246036779	76284027	84476037
1246036779	104136816	101843077
1246036819	96993410	99352677
1246036819	101843077	104136816
1246036839	103153776	101843077
1246036839	96993410	99352677
1246036839	101843077	100466801
1246036859	76284027	84476037
1246036859	103153776	101843077
1246036859	103153776	100466801
1246036859	96993410	99352677
1246036859	101843077	100466801
1246036879	103153776	100466801
1246036879	96993410	99352677
1246036879	76284027	84476037
1246036899	84476037	76284027
1246036899	74317950	101253240
1246036919	103153776	100466801
1246036919	74317950	101253240
1246036919	76284027	84476037
1246036939	103153776	100466801
1246036939	101253240	74317950
1246036939	76284027	84476037
1246036959	103153776	100466801
1246036959	84476037	76284027
1246036979	101253240	74317950
1246036979	76284027	84476037
1246036999	96993410	99352677
1246036999	96993410	74317950
1246036999	76284027	84476037
1246037019	103153776	100466801
1246037019	96993410	99352677
1246037019	76284027	84476037
1246037039	96993410	99352677
1246037039	84476037	76284027
1246037039	74317950	101253240
1246037059	76284027	84476037
1246037079	96993410	99352677
1246037079	74317950	101843077
1246037079	76284027	84476037
1246037099	99352677	96993410
1246037099	84476037	76284027
1246037139	84476037	76284027
1246037159	78381181	99876979
1246037179	103153776	100466801
1246037179	96993410	99352677
1246037179	78381181	99876979
1246037199	78381181	99876979
1246037219	78381181	99876979
1246037219	103153776	100466801
1246037239	103153776	100466801
1246037259	103153776	100466801
1246037299	101253240	74317950
1246037359	96993410	99352677
1246037419	74317950	99680414
1246037439	96993410	99352677
1246037439	101253240	74317950
1246037459	96993410	99352677
1246037459	74317950	76284027
1246037479	96993410	99352677
1246037499	96993410	99352677
1246037499	74317950	101253240
1246037519	76284027	101253240
1246037519	76284027	98304119
1246037519	76284027	74317950
1246037519	101253240	74317950
1246037539	98304119	76284027
1246037539	101253240	74317950
1246037559	74317950	101253240
1246037579	74317950	101253240
1246037599	74317950	101253240
1246037619	76284027	101843077
1246037619	74317950	101253240
1246037619	78381181	99876979
1246037639	76284027	98304119
1246037659	76284027	98304119
1246037679	76284027	98304119
1246037699	96993410	99352677
1246037759	96993410	99352677
1246037799	76284027	98304119
1246037819	96993410	99352677
1246037939	76284027	98304119
1246037959	101843077	98304119
1246038019	98304119	76284027
1246038179	76284027	98304119
1246038259	96993410	99352677
1246038319	78381181	99876979
1246038339	78381181	99876979
1246038359	78381181	99876979
1246038379	78381181	99876979
1246038439	96993410	99352677
1246038479	96993410	99352677
1246038499	96993410	99352677
1246038519	96993410	99352677
1246038559	96993410	99352677
1246038739	96993410	99352677
1246038779	96993410	99352677
1246038859	96993410	99352677
1246038879	96993410	99352677
1246038919	96993410	99352677
1246038979	96993410	99352677
1246039019	96993410	99352677
1246039119	96993410	99352677
1246039139	96993410	99352677
1246039159	96993410	99352677
1246039179	96993410	99352677
1246039199	96993410	99352677
1246039219	96993410	99352677
1246039239	96993410	99352677
1246039259	96993410	99352677
1246039279	96993410	99352677
1246039299	96993410	99352677
1246039319	96993410	99352677
1246039339	96993410	99352677
1246039379	96993410	99352677
1246039399	96993410	99352677
1246039419	96993410	99352677
1246039439	96993410	99352677
1246039459	96993410	99352677
1246039479	96993410	99352677
1246039499	96993410	99352677
1246039519	96993410	99352677
1246039539	96993410	99352677
1246039559	96993410	99352677
