1246097359	100335740	90636427
1246097379	100335740	90636427
1246097399	100335740	90636427
1246097419	100270182	94503029
1246097439	94503029	100270182
1246097459	94503029	100270182
1246097559	100335740	90636427
1246097619	100335740	90636427
1246097719	100335740	90636427
1246097739	100335740	90636427
1246097759	100335740	90636427
1246097799	100270182	94503029
1246097819	100270182	94503029
1246097819	100335740	90636427
1246097839	100270182	94503029
1246097859	100270182	94503029
1246097879	94503029	100270182
1246097899	100335740	90636427
1246097919	94503029	100270182
1246097919	100335740	90636427
1246098159	98631793	100270182
1246098179	98631793	100270182
1246098199	98631793	100270182
1246098199	94503029	100270182
1246098239	100270182	94503029
1246098299	100270182	94503029
1246098359	100270182	94503029
1246098379	100270182	94503029
1246098399	100270182	94503029
1246098479	100270182	94503029
1246098559	100270182	94503029
1246098559	100335741	90636427
1246098579	98631793	100270182
1246098619	98631793	100270182
1246098639	98631793	100270182
1246098659	98631793	100270182
1246098679	98631793	100270182
1246098699	98631793	100270182
1246098839	100270182	94503029
1246098859	100270182	94503029
1246098899	100270182	94503029
1246099539	100270182	94503029
1246099679	98631793	94503029
1246099699	78381182	105906297
1246099719	78381182	105906297
1246099759	90636427	100335741
1246099759	78381182	105906297
1246099799	78381182	105906297
1246099879	90636427	100335741
1246099899	78381182	99876980
1246099939	78381182	99876980
1246099959	105906297	99876980
1246099979	105906297	99876980
1246100019	78381182	99876980
1246100039	78381182	105906297
1246100039	78381182	99876980
1246100059	78119031	74973288
1246100059	78381182	105906297
1246100059	78381182	99876980
1246100079	73400449	74973288
1246100119	78381182	99876980
1246100119	105906297	99876980
1246100139	73400449	74973288
1246100139	105906297	99876980
1246100159	78381182	105906297
1246100159	78381182	99876980
1246100179	78381182	105906297
1246100179	78381182	99876980
1246100199	78381182	99876980
1246100219	78381182	105906297
1246100219	78381182	99876980
1246100239	105906297	99876980
1246100259	78381182	99876980
1246100259	105906297	99876980
1246100279	73400449	74973288
1246100279	105906297	99876980
1246100299	73400449	74973288
1246100299	105906297	99876980
1246100319	73400449	74973288
1246100319	105906297	99876980
1246100339	98631793	94503029
1246100359	73400449	78119031
1246100359	98631793	94503029
1246100359	78381182	105906297
1246100379	98631793	94503029
1246100399	98631793	94503029
1246100399	78381182	99876980
1246100399	105906297	99876980
1246100479	78381182	105906297
1246100499	94503029	100270182
1246100519	94503029	100270182
1246100539	94503029	100270182
1246100559	94503029	100270182
1246100579	94503029	100270182
1246100619	78119031	74973288
1246100639	94503029	100270182
1246100659	90636428	100335742
1246100679	90636428	100335742
1246100679	78381182	105906297
1246100699	94503029	100270182
1246100699	90636428	100335742
1246100699	78381182	105906297
1246100719	94503029	100270182
1246100719	90636428	100335742
1246100739	94503029	100270182
1246100739	90636428	100335742
1246100739	78381182	105906297
1246100759	90636428	100335742
1246100779	94503029	100270182
1246100799	94503029	100270182
1246100799	90636428	100335742
1246100819	94503029	100270182
1246100819	90636428	100335742
1246100839	94503029	100270182
1246100839	90636428	100335742
1246100859	94503029	100270182
1246100859	90636428	100335742
1246100879	94503029	100270182
1246100879	90636428	100335742
1246100899	94503029	100270182
1246100899	90636428	100335742
1246100919	94503029	100270182
1246100919	90636428	100335742
1246100939	94503029	100270182
1246100939	90636428	100335742
1246100959	94503029	100270182
1246100959	80150673	78577782
1246100959	90636428	74973288
1246100959	90636428	100335742
1246100979	94503029	100270182
1246100979	90636428	100335742
1246100979	80150673	78577782
1246100999	94503029	100270182
1246100999	80150673	78577782
1246100999	90636428	100335742
1246101019	94503029	100270182
1246101019	80150673	78577782
1246101019	90636428	100335742
1246101039	90636428	100335742
1246101039	80150673	78577782
1246101059	90636428	100335742
1246101059	78119031	74973288
1246101059	80150673	78577782
1246101079	90636428	100335742
1246101079	80150673	78577782
1246101079	78577782	100270182
1246101099	80150673	78577782
1246101099	90636428	100335742
1246101119	78119031	74973288
1246101119	80150673	78577782
1246101139	90636428	100335742
1246101159	80150673	78577782
1246101159	90636428	100335742
1246101179	90636428	100335742
1246101179	80150673	78577782
1246101199	80150673	78577782
1246101199	90636428	100335742
1246101239	90636428	100335742
1246101259	80150673	78577782
1246101279	80150673	78577782
1246101299	90636428	100335742
1246101299	78119031	74973288
1246101339	78381182	105906297
1246101359	90636428	100335742
1246101399	73400449	78381182
1246101399	80150673	78577782
1246101399	90636428	100335742
1246101419	73400449	78119031
1246101419	80150673	78577782
1246101419	78119031	74973288
1246101419	90636428	100335742
1246101439	73400449	78119031
1246101439	80150673	78577782
1246101439	78119031	74973288
1246101439	90636428	100335742
1246101459	80150673	78577782
1246101459	78119031	74973288
1246101459	90636428	100335742
1246101479	78119031	74973288
1246101479	90636428	74973288
1246101479	90636428	100335742
1246101499	73400449	74973288
1246101499	90636428	100335742
1246101499	80150673	78577782
1246101519	80150673	78577782
1246101519	90636428	100335742
1246101539	80150673	78577782
1246101539	90636428	100335742
1246101559	80150673	78577782
1246101579	90636428	100335742
1246101579	80150673	78577782
1246101599	90636428	100335742
1246101619	73400449	74973288
1246101619	90636428	100335742
1246101639	80150673	78577782
1246101659	80150673	78577782
1246101699	80150673	78577782
1246101719	90636428	100335742
1246101719	80150673	78577782
1246101759	80150673	78577782
1246101779	80150673	78577782
1246101799	80150673	78577782
1246101819	78119031	74973288
1246101839	78119031	74973288
1246101859	80150673	78577782
1246101899	78381182	105906297
1246101939	80150673	78577782
1246101959	80150673	78577782
1246101979	80150673	78577782
1246101999	80150673	78577782
1246102019	80150673	78577782
1246102019	78119031	74973288
1246102039	80150673	78577782
1246102039	78119031	74973288
1246102059	80150673	78577782
1246102079	80150673	78577782
1246102139	78381182	99876981
1246102199	78119031	74973288
1246102239	80150673	78577782
1246102299	80150673	78577782
1246102319	80150673	78577782
1246102339	80150673	78577782
1246102359	80150673	78577782
1246102379	80150673	78577782
1246102479	80150673	78577782
1246102559	73400449	78119031
1246102599	80150673	78577782
1246102619	78381182	105906297
1246102719	73400449	74973288
1246102739	73400449	78119031
1246102739	73400449	74973288
1246102739	78381182	105906297
1246102759	73400449	74973288
1246102759	73400449	78119031
1246102759	80150673	78577782
1246102759	78119031	74973288
1246102799	78381182	105906297
1246102819	78381182	105906297
1246102819	78381182	99876981
1246102879	73400449	78119031
1246102899	73400449	78119031
1246102919	105906297	99876981
1246102939	78381182	105906297
1246102939	78381182	99876981
1246102939	105906297	99876981
1246102959	80150673	78577782
1246102959	78119031	74973288
1246102959	78381182	105906297
1246102959	78381182	99876981
1246102959	105906297	99876981
1246102979	80150673	78577782
1246102979	78119031	74973288
1246102999	80150673	78577782
1246103019	80150673	78577782
1246103019	88604788	78184566
1246103019	78119031	74973288
1246103039	80150673	78577782
1246103039	78119031	74973288
1246103059	80150673	78577782
1246103079	80150673	78577782
1246103099	73400449	78119031
1246103099	80150673	78577782
1246103119	73400449	74973288
1246103119	80150673	78577782
1246103139	80150673	78577782
1246103139	88604788	78184566
1246103159	80150673	78577782
1246103179	80150673	78577782
1246103279	80150673	78577782
1246103299	80150673	78577782
1246103419	80150673	78577782
1246103599	73400449	74973288
1246103619	73400449	74973288
1246103619	80150673	78577782
1246103759	80150673	78577782
1246103779	73400449	78119031
1246103779	80150673	78577782
1246103799	80150673	78577782
1246103799	78119031	74973288
1246103819	80150673	78577782
1246103839	80150673	78577782
1246103859	73400449	74973288
1246103879	80150673	78577782
1246103899	80150673	78577782
1246103919	80150673	78577782
1246104019	80150673	78577782
1246104039	80150673	78577782
1246104059	80150673	78577782
1246104079	80150673	78577782
1246104099	80150673	78577782
1246104119	80150673	78577782
1246104139	80150673	78577782
1246104239	80150673	78577782
1246104279	80150673	78577782
1246104299	73400449	78119031
1246104299	73400449	74973288
1246104299	80150673	78577782
1246104299	78119031	74973288
1246104319	73400449	78119031
1246104319	73400449	74973288
1246104319	78119031	74973288
1246104339	73400449	74973288
1246104339	73400449	78119031
1246104339	78119031	74973288
1246104359	73400449	74973288
1246104359	78119031	74973288
1246104379	73400449	78119031
1246104379	73400449	74973288
1246104379	78119031	74973288
1246104399	80150673	78577782
1246104419	80150673	78577782
1246104419	78119031	74973288
1246104439	80150673	78577782
1246104439	78119031	74973288
1246104459	73400449	74973288
1246104459	80150673	78577782
1246104459	78119031	74973288
1246104479	80150673	78577782
1246104479	78119031	74973288
1246104499	80150673	78577782
1246104519	78119031	74973288
1246104539	78119031	74973288
1246104559	78119031	74973288
1246104579	88604788	78184566
1246104579	78119031	74973288
1246104599	80150673	78577782
1246104599	78119031	74973288
1246104619	80150673	78577782
1246104619	78119031	74973288
1246104639	80150673	78577782
1246104639	78119031	74973288
1246104659	73400449	74973288
1246104679	73400449	74973288
1246104679	78119031	74973288
1246104699	78119031	74973288
1246104719	73400449	74973288
1246104719	78119031	74973288
1246104739	78119031	74973288
1246104759	80150673	78577782
1246104779	80150673	78577782
1246104779	78119031	74973288
1246104819	80150673	78577782
1246104839	80150673	78577782
1246104859	78119031	74973288
1246104879	78119031	74973288
1246104919	73400449	78119031
1246104919	78119031	74973288
1246104939	73400449	78119031
1246104939	77922413	74776699
1246104939	78119031	74973288
1246104959	77922413	74776699
1246104959	78119031	74973288
1246104979	77922413	74776699
1246104999	77922413	74776699
1246105019	78119031	74973288
1246105079	77922413	74776699
1246105099	73400449	74973288
1246105099	77922413	74776699
1246105099	88604788	78184566
1246105119	78119031	74973288
1246105219	74776699	77922413
1246105239	77922413	74776699
1246105259	77922413	74776699
1246105259	78119031	74973288
1246105319	77922413	74776699
1246105339	73400449	78119031
1246105339	77922413	74776699
1246105379	73400449	78119031
1246105379	73400449	74973288
1246105519	77922413	74776699
1246105539	73400449	74973288
1246105539	78119031	74973288
1246105559	78119031	74973288
1246105579	78119031	74973288
1246105579	74776699	77922413
1246105599	78119031	74973288
1246105619	78119031	74973288
1246105619	74776699	77922413
1246105639	78119031	74973288
1246105679	77922413	74776699
1246105699	77922413	74776699
1246105699	78119031	74973288
1246105719	73400449	78119031
1246105719	78119031	74973288
1246105759	77922413	74776699
1246105779	74776699	77922413
1246105799	77922413	74776699
1246105859	73400449	78119031
1246105859	77922413	74776699
1246105919	73400449	78119031
1246105939	73400449	74973288
1246105979	73400449	74973288
1246105979	73400449	78119031
1246105979	78119031	74973288
1246105999	73400449	78119031
1246106359	77922413	74776699
1246106439	77922413	74776699
1246106459	77922413	74776699
1246106539	77922413	74776699
1246106559	74776699	77922413
1246106659	77922413	74776699
1246107339	77922413	74776699
1246107379	77922413	74776699
1246107419	77922413	74776699
1246107459	77922413	74776699
1246108499	96075923	86966421
1246108519	86966421	96075923
1246108539	86966421	96075923
1246108599	95092850	102695046
1246108659	80150674	83558515
1246108679	80150674	83558515
1246108679	86966421	79167602
1246108679	86966421	96075923
1246108699	83558515	80150674
1246108699	86966421	96075923
1246108719	80150674	83558515
1246108719	86966421	96075923
1246108739	83558515	80150674
1246108739	86966421	96075923
1246108759	83558515	80150674
1246108759	95092850	102695046
1246108779	80150674	83558515
1246108779	95092850	83558515
1246108799	80150674	83558515
1246108799	80150674	102695046
1246108799	83558515	102695046
1246108819	83558515	80150674
1246108839	83558515	80150674
1246108839	83558515	102695046
1246108839	80150674	102695046
1246108879	83558515	102695046
1246108919	83558515	80150674
1246108919	78446702	83034254
1246108939	95092850	83558515
1246108939	78446702	83034254
1246108959	95092850	83558515
1246108979	78446702	83034254
1246108999	78446702	83034254
1246109019	78446702	83034254
1246109039	78446702	83034254
1246109079	78446702	83034254
1246109099	83558515	102695046
1246109119	95092850	83558515
1246109119	78446702	83034254
1246109139	83558515	80150674
1246109139	83558515	102695046
1246109139	80150674	102695046
1246109139	78446702	83034254
1246109159	83558515	102695046
1246109159	80150674	102695046
1246109159	95092850	102695046
1246109159	78446702	83034254
1246109199	83558515	102695046
1246109219	80150674	83558515
1246109219	95092850	83558515
1246109239	80150674	83558515
1246109259	83558515	80150674
1246109259	95092850	102695046
1246109279	83558515	102695046
1246109279	83558515	80150674
1246109279	95092850	102695046
1246109299	83558515	102695046
1246109299	83558515	80150674
1246109319	83558515	80150674
1246109319	83558515	102695046
1246109339	83558515	80150674
1246109339	80150674	96141442
1246109359	83558515	80150674
1246109379	80150674	83558515
1246109399	80150674	83558515
1246109399	83034254	102695046
1246109419	80150674	83558515
1246109419	78446702	83034254
1246109439	80150674	83558515
1246109439	95092850	102695046
1246109459	80150674	83558515
1246109459	95092850	102695046
1246109479	80150674	83558515
1246109479	95092850	102695046
1246109499	80150674	83558515
1246109519	80150674	83558515
1246109539	80150674	83558515
1246109539	95092850	102695046
1246109559	80150674	83558515
1246109599	95092850	102695046
1246109619	80150674	83558515
1246109619	95092850	102695046
1246109639	80150674	83558515
1246109659	80150674	83558515
1246109659	78446702	83034254
1246109679	80150674	83558515
1246109699	80150674	83558515
1246109739	80150674	83558515
1246109739	78446702	83034254
1246109799	80150674	83558515
1246109839	80150674	83558515
1246109879	78446702	83034254
1246109919	96141443	104398972
1246109919	80150674	83558515
1246109939	83558515	80150674
1246109939	78446702	83034254
1246109959	83558515	80150674
1246110039	83558515	80150674
1246110039	95092850	102695046
1246110079	96141443	104398972
1246110099	96141443	104398972
1246110099	95092850	102695046
1246110119	83558515	80150674
1246110119	104398972	96141443
1246110139	83558515	80150674
1246110159	96141443	104398972
1246110159	80150674	83558515
1246110179	83558515	80150674
1246110179	95092850	102695046
1246110179	104398972	96141443
1246110199	83558515	80150674
1246110199	95092850	102695046
1246110199	104398972	96141443
1246110219	96141443	104398972
1246110219	80150674	83558515
1246110219	95092850	102695046
1246110239	96141443	104398972
1246110239	80150674	83558515
1246110239	78446702	83034254
1246110259	83558515	80150674
1246110259	78446702	83034254
1246110279	78446702	83034254
1246110299	80150674	83558515
1246110299	78446702	83034254
1246110319	96141443	104398972
1246110319	80150674	83558515
1246110339	96141443	104398972
1246110339	80150674	83558515
1246110359	83558515	80150674
1246110359	104398972	96141443
1246110379	96141443	104398972
1246110379	80150674	83558515
1246110399	80019559	76087419
1246110399	80019559	75104375
1246110399	80150674	83558515
1246110419	80019559	75104375
1246110459	95092850	102695046
1246110459	78446702	83034254
1246110479	95092850	102695046
1246110499	83558515	80150674
1246110499	95092850	102695046
1246110519	95092850	102695046
1246110519	104398972	96141443
1246110539	83558515	80150674
1246110539	95092850	102695046
1246110539	104398972	96141443
1246110559	80150674	83558515
1246110559	95092850	102695046
1246110579	96141443	104398972
1246110579	80150674	83558515
1246110579	95092850	102695046
1246110599	80150674	83558515
1246110599	95092850	102695046
1246110599	78446702	83034254
1246110619	83558515	80150674
1246110619	95092850	102695046
1246110619	78446702	83034254
1246110619	104398972	96141443
1246110639	83558515	80150674
1246110639	95092850	102695046
1246110639	78446702	83034254
1246110659	83558515	80150674
1246110659	95092850	83034254
1246110659	95092850	78446702
1246110659	95092850	102695046
1246110659	78446702	83034254
1246110659	78446702	102695046
1246110659	83034254	102695046
1246110679	96141443	104398972
1246110679	80150674	83558515
1246110679	95092850	102695046
1246110679	78446702	83034254
1246110699	80019559	76087419
1246110699	95092850	102695046
1246110699	78446702	83034254
1246110719	83558515	80150674
1246110719	95092850	102695046
1246110719	78446702	83034254
1246110739	96141443	104398972
1246110739	80150674	83558515
1246110739	76087419	75104375
1246110739	95092850	102695046
1246110739	78446702	83034254
1246110739	78446702	102695046
1246110759	95092850	102695046
1246110759	78446702	83034254
1246110779	83558515	80150674
1246110779	95092850	102695046
1246110779	78446702	83034254
1246110799	76087419	75104375
1246110799	95092850	102695046
1246110799	78446702	83034254
1246110819	76087419	75104375
1246110819	95092850	102695046
1246110819	78446702	83034254
1246110839	95092850	102695046
1246110839	78446702	83034254
1246110859	95092850	102695046
1246110859	78446702	83034254
1246110879	95092850	102695046
1246110879	95092850	96141443
1246110879	95092850	78446702
1246110879	95092850	83034254
1246110879	78446702	83034254
1246110879	104398972	96141443
1246110899	95092850	102695046
1246110899	95092850	104398972
1246110899	95092850	96141443
1246110899	95092850	83034254
1246110899	78446702	83034254
1246110899	83034254	102695046
1246110899	104398972	96141443
1246110899	96141443	102695046
1246110919	95092850	83034254
1246110919	95092850	78446702
1246110919	95092850	102695046
1246110919	78446702	83034254
1246110939	78446702	83034254
1246110959	78446702	83034254
1246110979	78446702	83034254
1246110999	80019559	75104375
1246110999	78446702	83034254
1246111019	78446702	83034254
1246111039	80019559	75104375
1246111039	78446702	83034254
1246111059	95092850	83034254
1246111059	95092850	78446702
1246111059	78446702	83034254
1246111079	95092850	83034254
1246111079	78446702	83034254
1246111099	80019559	75104375
1246111099	78446702	83034254
1246111119	80019559	75104375
1246111179	75104375	83558516
1246111179	83558516	80019559
1246111279	76087419	80019559
1246111279	75104375	80019559
1246111339	75104375	80019559
1246111359	83558516	80019559
1246111379	83558516	80019559
1246111499	83558516	80019559
1246111579	84476039	105906298
1246111579	84476039	100335743
1246111579	105906298	99876982
1246111579	99876982	100335743
1246111599	105906298	84476039
1246111599	105906298	100335743
1246111599	99876982	100335743
1246111619	100335743	105906298
1246111619	80019559	75104375
1246111639	78381183	99876982
1246111659	105906298	99876982
1246111679	100335743	105906298
1246111679	80019559	76087419
1246111679	84476039	78381183
1246111699	73597079	74514577
1246111699	73597079	76284028
1246111699	73597079	100991125
1246111699	73597079	74317951
1246111699	80019559	76087419
1246111699	80019559	83558516
1246111699	105906298	100335743
1246111699	105906298	99876982
1246111699	74514577	100991125
1246111699	76284028	100991125
1246111719	73597079	76284028
1246111719	100991125	76284028
1246111719	105906298	99876982
1246111719	99876982	100335743
1246111739	73597079	96141444
1246111739	73597079	76284028
1246111739	74317951	100991125
1246111739	74514577	96075924
1246111739	75104375	83558516
1246111739	96075924	96141444
1246111759	73597079	74514577
1246111759	73597079	74317951
1246111759	76284028	74514577
1246111759	105906298	99876982
1246111759	75104375	83558516
1246111759	96075924	96141444
1246111779	73597079	74514577
1246111779	73597079	76284028
1246111779	73597079	74317951
1246111779	76284028	74514577
1246111779	105906298	99876982
1246111779	74514577	100991125
1246111779	96141444	96075924
1246111799	100991125	76284028
1246111799	84476039	99876982
1246111799	84476039	78381183
1246111799	74317951	74514577
1246111799	105906298	99876982
1246111799	76284028	99876982
1246111799	96075924	96141444
1246111819	73597079	74317951
1246111819	78381183	84476039
1246111819	99876982	84476039
1246111819	99876982	100335743
1246111819	96075924	96141444
1246111839	76284028	74514577
1246111839	96075924	96141444
1246111859	73597079	74317951
1246111859	80019559	76087419
1246111859	80019559	75104375
1246111859	80019559	83558516
1246111859	76284028	74514577
1246111879	73597079	74317951
1246111879	80019559	83558516
1246111879	96141444	96075924
1246111899	73597079	74317951
1246111899	80019559	83558516
1246111899	105906298	99876982
1246111899	74514577	76284028
1246111899	76284028	100991125
1246111899	96141444	96075924
1246111919	105906298	99876982
1246111919	96075924	96141444
1246111939	83558516	75104375
1246111939	83558516	80019559
1246111939	80019559	75104375
1246111939	76284028	100991125
1246111939	105906298	99876982
1246111939	99876982	96075924
1246111939	99876982	100335743
1246111939	96141444	96075924
1246111959	99876982	96141444
1246111979	73597079	74317951
1246111979	100991125	76284028
1246111979	76284028	74514577
1246111979	105906298	100335743
1246111999	96141444	96075924
1246111999	73597079	74317951
1246111999	76284028	74514577
1246111999	75104375	80019559
1246112019	73597079	74317951
1246112019	80019559	75104375
1246112019	103153777	78577783
1246112019	90636429	101253241
1246112019	105906298	100335743
1246112019	96141444	96075924
1246112039	101253241	73269392
1246112039	101253241	90636429
1246112039	101318768	73269392
1246112039	100335743	105906298
1246112039	96075924	96141444
1246112039	80019559	75104375
1246112039	73269392	90636429
1246112039	98631794	90636429
1246112059	78577783	104136818
1246112059	96075924	96141444
1246112059	98631794	90636429
1246112059	73597079	74317951
1246112079	105906298	99876982
1246112079	98631794	90636429
1246112079	73597079	74317951
1246112099	76284028	84476039
1246112099	78577783	73597079
1246112099	96075924	96141444
1246112099	105906298	99876982
1246112099	73597079	100466802
1246112099	73597079	74317951
1246112099	90636429	100466802
1246112119	100991125	74514577
1246112119	100991125	76284028
1246112119	76284028	74514577
1246112119	99680415	100466802
1246112119	78381183	84476039
1246112119	78577783	98631794
1246112119	96075924	96141444
1246112119	73269392	73597079
1246112119	73269392	90636429
1246112119	90636429	100466802
1246112139	100991125	74514577
1246112139	100991125	73597079
1246112139	101253241	73269392
1246112139	101253241	90636429
1246112139	76284028	74514577
1246112139	76284028	73597079
1246112139	100335743	99876982
1246112139	74514577	73597079
1246112139	78184567	88604789
1246112139	96075924	96141444
1246112139	73269392	99680415
1246112139	73269392	90636429
1246112139	90636429	99680415
1246112139	90636429	100466802
1246112139	99680415	100466802
1246112159	100991125	74514577
1246112159	101318768	73269392
1246112159	76284028	74514577
1246112159	76284028	73597079
1246112159	76284028	74317951
1246112159	100335743	99876982
1246112159	74514577	73597079
1246112159	74514577	74317951
1246112159	78381183	84476039
1246112159	73597079	74317951
1246112159	99680415	100466802
1246112179	76284028	74514577
1246112179	76284028	74317951
1246112179	83558516	80019559
1246112179	99680415	74317951
1246112179	78381183	84476039
1246112179	78381183	74514577
1246112179	84476039	74317951
1246112179	80019559	75104375
1246112179	73269392	90636429
1246112179	73597079	74514577
1246112199	101318768	96075924
1246112199	76284028	74514577
1246112199	76284028	74317951
1246112199	83558516	75104375
1246112199	83558516	80019559
1246112199	96075924	96141444
1246112199	80019559	75104375
1246112199	73597079	74514577
1246112219	83558516	80019559
1246112219	99680415	100466802
1246112219	78184567	88604789
1246112219	96075924	96141444
1246112219	80019559	75104375
1246112219	73269392	90636429
1246112219	73597079	74514577
1246112239	83558516	80019559
1246112239	103153777	99876982
1246112239	99680415	100466802
1246112239	78184567	88604789
1246112239	78577783	104136818
1246112239	96075924	96141444
1246112239	80019559	75104375
1246112239	105906298	99876982
1246112239	73597079	74514577
1246112239	99876982	100335743
1246112259	99680415	100466802
1246112259	99680415	73269392
1246112259	84476039	73597079
1246112259	96075924	96141444
1246112259	80019559	75104375
1246112259	105906298	99876982
1246112259	73597079	74514577
1246112259	90636429	100466802
1246112279	74514577	73597079
1246112279	78184567	88604789
1246112279	96075924	96141444
1246112279	80019559	75104375
1246112299	101253241	101318768
1246112299	101253241	73269392
1246112299	78184567	88604789
1246112299	78381183	84476039
1246112299	84476039	74317951
1246112319	100335743	99876982
1246112319	99680415	100466802
1246112319	84476039	98631794
1246112319	80019559	83558516
1246112319	105906298	99876982
1246112319	98631794	74317951
1246112319	75104375	83558516
1246112339	101318768	98631794
1246112339	101318768	73269392
1246112339	83558516	80019559
1246112339	99680415	100466802
1246112339	78184567	88604789
1246112339	96075924	96141444
1246112339	80019559	75104375
1246112339	105906298	99876982
1246112339	73269392	98631794
1246112339	99876982	100335743
1246112359	100991125	74514577
1246112359	101253241	73269392
1246112359	96075924	96141444
1246112359	105906298	99876982
1246112359	73269392	98631794
1246112359	99876982	100335743
1246112379	101253241	98631794
1246112379	74514577	73597079
1246112379	78184567	88604789
1246112379	96075924	98631794
1246112379	96075924	96141444
1246112379	105906298	99876982
1246112379	73269392	98631794
1246112379	99680415	100466802
1246112399	101253241	98631794
1246112399	101253241	73269392
1246112399	101318768	98631794
1246112399	101318768	73269392
1246112399	78184567	88604789
1246112399	84476039	90636429
1246112399	99680415	100466802
1246112419	101253241	98631794
1246112419	101253241	101318768
1246112419	100335743	105906298
1246112419	99680415	100466802
1246112419	96075924	96141444
1246112419	105906298	99876982
1246112439	99680415	84476039
1246112439	96075924	96141444
1246112439	105906298	99876982
1246112459	100991125	74514577
1246112459	76284028	74514577
1246112459	78184567	88604789
1246112459	96075924	96141444
1246112459	99876982	100335743
1246112479	76284028	73597079
1246112479	74514577	73597079
1246112479	105906298	99876982
1246112499	103153777	90636429
1246112499	80019559	75104375
1246112499	105906298	99876982
1246112499	98631794	90636429
1246112519	105906298	99876982
1246112519	99680415	100466802
1246112539	101253241	101318768
1246112539	101253241	73269392
1246112539	101253241	78577783
1246112539	76284028	73597079
1246112539	78577783	104136818
1246112539	96075924	96141444
1246112539	105906298	99876982
1246112559	100991125	74514577
1246112559	101253241	101318768
1246112559	101253241	73269392
1246112559	101253241	90636429
1246112559	101318768	73269392
1246112559	96075924	96141444
1246112559	98631794	99876982
1246112559	73597079	74514577
1246112559	90636429	99876982
1246112579	100991125	76284028
1246112579	101253241	101318768
1246112579	76284028	74514577
1246112579	76284028	73597079
1246112579	74514577	73597079
1246112579	74514577	74317951
1246112579	78184567	88604789
1246112579	78577783	104136818
1246112579	104398973	99876982
1246112579	96075924	96141444
1246112579	105906298	99876982
1246112599	76284028	74514577
1246112599	76284028	74317951
1246112599	78184567	88604789
1246112599	104398973	105906298
1246112599	96075924	96141444
1246112599	105906298	74514577
1246112599	73597079	74514577
1246112599	73597079	74317951
1246112599	74317951	74514577
1246112599	99876982	100335743
1246112619	100991125	74514577
1246112619	101253241	90636429
1246112619	101318768	73269392
1246112619	76284028	74514577
1246112619	76284028	74317951
1246112619	74514577	73597079
1246112619	74514577	74317951
1246112619	78184567	88604789
1246112619	96075924	96141444
1246112619	105906298	99876982
1246112619	73597079	74317951
1246112639	100991125	76284028
1246112639	101253241	73269392
1246112639	101253241	90636429
1246112639	101318768	73269392
1246112639	101318768	78577783
1246112639	100335743	105906298
1246112639	100335743	99876982
1246112639	78577783	73269392
1246112639	78577783	90636429
1246112639	96075924	96141444
1246112639	105906298	99876982
1246112639	73269392	90636429
1246112639	73597079	74317951
1246112659	101253241	90636429
1246112659	101318768	78577783
1246112659	76284028	74514577
1246112659	100335743	105906298
1246112659	100335743	99876982
1246112659	103153777	98304120
1246112659	74514577	74317951
1246112659	78577783	104136818
1246112659	78577783	90636429
1246112659	96075924	96141444
1246112659	105906298	99876982
1246112659	73269392	90636429
1246112679	101253241	73269392
1246112679	101253241	90636429
1246112679	76284028	74514577
1246112679	76284028	74317951
1246112679	83558516	80019559
1246112679	96075924	96141444
1246112679	105906298	99876982
1246112679	73269392	90636429
1246112679	73597079	74317951
1246112679	74317951	74514577
1246112679	99876982	100335743
1246112699	101253241	98631794
1246112699	101253241	101318768
1246112699	101253241	73269392
1246112699	101253241	90636429
1246112699	101318768	98631794
1246112699	100335743	99876982
1246112699	76087419	83558516
1246112699	96075924	96141444
1246112699	105906298	99876982
1246112699	73269392	98631794
1246112719	101318768	98631794
1246112719	101318768	73269392
1246112719	78381183	84476039
1246112719	80019559	75104375
1246112719	105906298	99876982
1246112719	73269392	90636429
1246112719	99876982	100335743
1246112739	101253241	101318768
1246112739	101253241	73269392
1246112739	101253241	90636429
1246112739	78381183	84476039
1246112739	96075924	96141444
1246112739	80019559	75104375
1246112739	105906298	99876982
1246112759	101253241	73269392
1246112759	101253241	90636429
1246112759	101318768	100466802
1246112759	78184567	88604789
1246112759	105906298	100335743
1246112759	105906298	99876982
1246112779	100335743	99876982
1246112779	96075924	96141444
1246112779	105906298	99876982
1246112799	76087419	75104375
1246112799	96075924	96141444
1246112799	105906298	99876982
1246112819	101253241	98631794
1246112819	101253241	101318768
1246112819	101253241	73269392
1246112819	101318768	73269392
1246112819	76284028	74317951
1246112819	100335743	105906298
1246112819	100335743	99876982
1246112819	96075924	96141444
1246112819	105906298	99876982
1246112819	73269392	90636429
1246112819	73269392	98631794
1246112819	98631794	90636429
1246112839	100335743	105906298
1246112839	100335743	99876982
1246112839	105906298	99876982
1246112839	73269392	98631794
1246112839	73269392	90636429
1246112839	73597079	74317951
1246112859	101253241	98631794
1246112859	76284028	73597079
1246112859	76284028	74317951
1246112859	100335743	105906298
1246112859	100335743	99876982
1246112859	74514577	74317951
1246112859	96075924	96141444
1246112859	105906298	99876982
1246112879	101253241	101318768
1246112879	101253241	73269392
1246112879	101318768	98631794
1246112879	76284028	74514577
1246112879	100335743	99876982
1246112879	103153777	98304120
1246112879	99680415	100466802
1246112879	78184567	88604789
1246112879	96075924	96141444
1246112879	80019559	83558516
1246112879	105906298	99876982
1246112879	73269392	98631794
1246112899	78184567	88604789
1246112899	105906298	99876982
1246112899	99876982	100335743
1246112919	101253241	101318768
1246112919	101253241	73269392
1246112919	105906298	99876982
1246112919	99876982	100335743
1246112939	101253241	101318768
1246112939	101253241	73269392
1246112939	100335743	105906298
1246112939	100335743	99876982
1246112939	103153777	98304120
1246112939	74514577	104398973
1246112939	78184567	88604789
1246112939	78381183	84476039
1246112939	105906298	99876982
1246112959	101253241	98631794
1246112959	101318768	98631794
1246112959	74514577	73597079
1246112959	74514577	100466802
1246112959	78184567	88604789
1246112959	105906298	99876982
1246112959	99876982	100335743
1246112979	101253241	105906298
1246112979	101253241	101318768
1246112979	101253241	100335743
1246112979	101253241	99876982
1246112979	101318768	105906298
1246112979	101318768	100335743
1246112979	101318768	99876982
1246112979	100335743	105906298
1246112979	100335743	99876982
1246112979	74514577	73597079
1246112979	96075924	96141444
1246112979	80019559	83558516
1246112979	105906298	99876982
1246112999	74514577	73597079
1246112999	96075924	96141444
1246112999	73269392	99876982
1246113019	100991125	74317951
1246113019	101253241	101318768
1246113019	74514577	73597079
1246113019	74514577	74317951
1246113019	78381183	84476039
1246113019	96075924	96141444
1246113039	100991125	74317951
1246113039	84476039	78381183
1246113039	101318768	99876982
1246113039	96075924	96141444
1246113039	80019559	83558516
1246113039	73597079	74514577
1246113059	73597079	74514577
1246113059	100991125	74514577
1246113059	100991125	74317951
1246113059	74317951	74514577
1246113059	83558516	80019559
1246113079	100991125	74514577
1246113079	76087419	83558516
1246113079	96075924	96141444
1246113099	99680415	100466802
1246113099	96075924	96141444
1246113119	78381183	84476039
1246113119	80019559	83558516
1246113139	84476039	78381183
1246113139	78184567	88604789
1246113139	78577783	104136818
1246113139	96075924	96141444
1246113159	74514577	74317951
1246113159	88604789	78184567
1246113159	78381183	104398973
1246113179	73597079	100991125
1246113179	88604789	78184567
1246113179	74514577	76284028
1246113179	96141444	96075924
1246113179	75104375	83558516
1246113179	75104375	80019559
1246113199	73597079	100991125
1246113199	74514577	76284028
1246113199	74514577	74317951
1246113199	96141444	96075924
1246113219	73597079	74514577
1246113219	73597079	100991125
1246113219	73597079	74317951
1246113219	74514577	76284028
1246113219	74514577	74317951
1246113219	74317951	84476039
1246113219	78381183	84476039
1246113239	80019559	75104375
1246113239	88604789	78184567
1246113239	76284028	74514577
1246113239	74317951	74514577
1246113239	75104375	83558516
1246113259	100991125	74514577
1246113259	76284028	74514577
1246113259	76284028	74317951
1246113259	79167603	83034255
1246113259	80019559	75104375
1246113259	74317951	74514577
1246113259	75104375	83558516
1246113279	76284028	74317951
1246113279	79167603	83034255
1246113279	96075924	96141444
1246113279	74317951	74514577
1246113299	76284028	74514577
1246113299	76284028	74317951
1246113299	74514577	74317951
1246113299	79167603	83034255
1246113299	99680415	100466802
1246113319	80019559	75104375
1246113319	99680415	100466802
1246113319	76284028	74514577
1246113319	83558516	75104375
1246113339	80019559	75104375
1246113339	100991125	103153777
1246113339	103153777	74317951
1246113339	99680415	100466802
1246113339	88604789	78184567
1246113339	74317951	74514577
1246113339	75104375	83558516
1246113359	73597079	76284028
1246113359	73597079	100991125
1246113359	74514577	76284028
1246113359	74514577	100991125
1246113359	74514577	74317951
1246113359	88604789	78184567
1246113359	74317951	76284028
1246113359	74317951	100991125
1246113359	76284028	100991125
1246113359	83558516	75104375
1246113379	73597079	74514577
1246113379	73597079	76284028
1246113379	73597079	100991125
1246113379	73597079	74317951
1246113379	76284028	74514577
1246113379	76284028	100991125
1246113379	76284028	74317951
1246113379	74317951	74514577
1246113379	74317951	100991125
1246113379	74514577	100991125
1246113419	80019559	75104375
1246113419	80150675	78184567
1246113419	80150675	77463671
1246113419	102695047	78184567
1246113419	77463671	78184567
1246113439	80019559	76087419
1246113439	80019559	75104375
1246113439	103153777	98304120
1246113439	83034255	79167603
1246113439	77463671	102695047
1246113459	103153777	98304120
1246113459	80150675	78184567
1246113459	80150675	77463671
1246113459	83034255	79167603
1246113459	75104375	83558516
1246113479	80150675	77463671
1246113479	80150675	102695047
1246113479	83034255	79167603
1246113479	77463671	102695047
1246113499	80150675	78184567
1246113499	78184567	102695047
1246113499	78381183	84476039
1246113499	79167603	83034255
1246113519	80019559	75104375
1246113519	80150675	102695047
1246113519	84476039	78381183
1246113519	83034255	79167603
1246113539	96141444	96075924
1246113539	80019559	76087419
1246113539	80019559	75104375
1246113539	79167603	83034255
1246113539	75104375	83558516
1246113559	80019559	76087419
1246113559	80019559	75104375
1246113559	80150675	102695047
1246113559	78381183	84476039
1246113559	83034255	79167603
1246113559	96141444	96075924
1246113579	96141444	96075924
1246113579	80019559	76087419
1246113579	80019559	75104375
1246113579	78381183	84476039
1246113579	83034255	79167603
1246113599	83558516	75104375
1246113599	83558516	80019559
1246113599	80019559	76087419
1246113599	80019559	75104375
1246113599	80150675	77463671
1246113599	84476039	78381183
1246113599	96075924	96141444
1246113619	80150675	77463671
1246113619	80150675	102695047
1246113619	78381183	84476039
1246113639	103153777	98304120
1246113639	80150675	78184567
1246113639	84476039	78381183
1246113659	78381183	84476039
1246113679	80019559	75104375
1246113679	78184567	77463671
1246113699	80019559	75104375
1246113699	80150675	77463671
1246113699	78381183	84476039
1246113699	78381183	102695047
1246113699	75104375	83558516
1246113719	83558516	75104375
1246113719	83558516	80019559
1246113719	80019559	75104375
1246113719	80150675	78184567
1246113719	80150675	77463671
1246113719	84476039	78381183
1246113719	79167603	83034255
1246113739	80019559	75104375
1246113739	80019559	83558516
1246113739	80150675	78184567
1246113739	80150675	77463671
1246113739	78184567	77463671
1246113739	83034255	79167603
1246113739	83558516	75104375
1246113759	83558516	75104375
1246113759	80019559	75104375
1246113759	80150675	78184567
1246113759	83034255	79167603
1246113759	78184567	77463671
1246113779	80019559	75104375
1246113779	83034255	79167603
1246113779	78184567	77463671
1246113779	78184567	102695047
1246113799	83034255	79167603
1246113819	80150675	77463671
1246113819	80150675	102695047
1246113819	77463671	102695047
1246113839	80019559	75104375
1246113839	83034255	79167603
1246113859	77463671	102695047
1246113879	73400450	88604790
1246113879	80019559	75104375
1246113879	77463671	102695047
1246113899	73400450	88604790
1246113899	80019559	75104375
1246113899	77463671	102695047
1246113919	80019559	75104375
1246113919	80019559	83558516
1246113919	77463671	102695047
1246113939	80019559	75104375
1246113979	80019559	83558516
1246113979	83034255	104398973
1246114019	83558516	80019559
1246114039	73400450	88604790
1246114039	83558516	80019559
1246114039	80019559	75104375
1246114039	80150675	77463671
1246114059	73400450	88604790
1246114059	80019559	83558516
1246114059	77463671	102695047
1246114079	73400450	88604790
1246114079	83558516	75104375
1246114079	83558516	80019559
1246114079	78184567	102695047
1246114079	77463671	102695047
1246114099	73400450	88604790
1246114099	83558516	75104375
1246114099	83558516	80019559
1246114099	80150675	102695047
1246114099	78184567	102695047
1246114099	83034255	79167603
1246114119	80150675	77463671
1246114119	78184567	77463671
1246114119	83034255	79167603
1246114119	83558516	75104375
1246114139	83558516	75104375
1246114139	78184567	77463671
1246114139	96141444	96075924
1246114159	96141444	96075924
1246114179	73400450	88604790
1246114179	80019559	75104375
1246114179	78184567	102695047
1246114179	83558516	75104375
1246114199	73400450	88604790
1246114199	96141444	96075924
1246114199	78184567	77463671
1246114199	78184567	102695047
1246114219	73400450	88604790
1246114219	96141444	96075924
1246114219	80019559	75104375
1246114239	73400450	88604790
1246114239	83034255	79167603
1246114259	73400450	88604790
1246114259	78184567	102695047
1246114259	96075924	96141444
1246114279	73400450	88604790
1246114279	96141444	96075924
1246114279	80019559	75104375
1246114279	80150675	102695047
1246114279	77463671	102695047
1246114299	73400450	88604790
1246114299	80019559	75104375
1246114299	80150675	77463671
1246114299	80150675	102695047
1246114319	73400450	88604790
1246114319	83034255	79167603
1246114319	78184567	102695047
1246114339	80019559	75104375
1246114339	78184567	102695047
1246114359	78184567	102695047
1246114379	73400450	88604790
1246114379	96141444	96075924
1246114379	80019559	83558516
1246114379	78184567	102695047
1246114399	83558516	80019559
1246114399	103153777	98304120
1246114399	78184567	102695047
1246114419	80019559	76087419
1246114419	78184567	102695047
1246114439	78184567	102695047
1246114459	73400450	88604790
1246114459	78184567	102695047
1246114459	83034255	79167603
1246114479	78184567	102695047
1246114479	83034255	79167603
1246114499	78184567	77463671
1246114499	78184567	102695047
1246114499	83034255	79167603
1246114499	77463671	102695047
1246114519	73400450	88604790
1246114519	77463671	102695047
1246114539	80150675	77463671
1246114539	78184567	77463671
1246114539	78184567	102695047
1246114539	78446703	74776700
1246114559	78184567	102695047
1246114579	73400450	88604790
1246114579	78184567	96075924
1246114579	78184567	102695047
1246114579	78446703	74776700
1246114599	80150675	78184567
1246114639	73400450	88604790
1246114659	80150675	77463671
1246114659	96075924	96141444
1246114679	96141444	96075924
1246114699	103153777	98304120
1246114699	80150675	102695047
1246114699	78446703	74776700
1246114719	103153777	98304120
1246114739	96141444	96075924
1246114739	80150675	78184567
1246114759	96141444	96075924
1246114759	80150675	78184567
1246114779	96141444	96075924
1246114799	73400450	88604790
1246114799	80150675	78184567
1246114799	96075924	96141444
1246114819	96141444	96075924
1246114819	77463671	102695047
1246114839	78184567	102695047
1246114859	73400450	88604790
1246114859	80150675	78184567
1246114859	80150675	77463671
1246114859	80150675	102695047
1246114859	78184567	102695047
1246114859	78184567	77463671
1246114859	77463671	102695047
1246114879	73400450	88604790
1246114939	83034255	79167603
1246114959	83034255	79167603
1246114979	80019559	83558516
1246114999	96141444	96075924
1246114999	83034255	79167603
1246114999	83558516	75104375
1246115019	83558516	75104375
1246115019	83034255	79167603
1246115019	96075924	96141444
1246115039	96141444	96075924
1246115059	83558516	76087419
1246115059	83558516	80019559
1246115059	96075924	96141444
1246115079	96141444	96075924
1246115139	96141444	96075924
1246115159	96141444	96075924
1246115179	96141444	96075924
1246115199	96075924	96141444
1246115219	96141444	96075924
1246115259	96141444	96075924
1246115279	96141444	96075924
1246115279	83034255	79167603
1246115299	96141444	96075924
1246115319	96141444	96075924
1246115319	83034255	79167603
1246115339	96075924	96141444
1246115359	96141444	96075924
1246115359	83034255	79167603
1246115379	96141444	96075924
1246115399	96141444	96075924
1246115419	96075924	96141444
1246115439	73400450	88604790
1246115439	96141444	96075924
1246115459	96075924	96141444
1246115479	73400450	88604790
1246115479	96141444	96075924
1246115479	88604790	96075924
1246115519	73400450	88604790
1246115519	80019559	76087419
1246115519	83034255	79167603
1246115539	83034255	79167603
1246115539	83558516	75104375
1246115559	83558516	75104375
1246115559	83034255	79167603
1246115579	73400450	88604790
1246115619	73400450	88604790
1246115619	96141444	96075924
1246115639	96141444	96075924
1246115659	73400450	88604790
1246115659	96075924	96141444
1246115679	83558516	75104375
1246115679	96141444	96075924
1246115699	96141444	96075924
1246115699	75104375	83558516
1246115719	73400450	88604790
1246115719	96141444	96075924
1246115739	96141444	96075924
1246115739	83034255	79167603
1246115759	78446703	74776700
1246115759	74776700	96075924
1246115759	96075924	96141444
1246115779	73400450	88604790
1246115779	96141444	96075924
1246115779	78446703	96075924
1246115799	73400450	88604790
1246115799	80019559	76087419
1246115819	77922414	86966422
1246115819	83034255	79167603
1246115839	100270183	77922414
1246115839	100270183	86966422
1246115839	77922414	86966422
1246115839	83034255	79167603
1246115859	73400450	88604790
1246115859	86966422	74973289
1246115859	86966422	100270183
1246115859	86966422	77922414
1246115859	83034255	79167603
1246115859	74973289	100270183
1246115859	74973289	77922414
1246115859	100270183	77922414
1246115879	77922414	86966422
1246115879	95158399	78119032
1246115879	95158399	74973289
1246115879	95158399	100270183
1246115879	86966422	74973289
1246115879	86966422	100270183
1246115879	83034255	79167603
1246115879	74973289	100270183
1246115899	73400450	88604790
1246115899	77922414	100270183
1246115899	79167603	83034255
1246115919	73400450	88604790
1246115919	83034255	79167603
1246115939	83034255	79167603
1246115939	100270183	77922414
1246115959	73400450	88604790
1246115959	77922414	100270183
1246115959	78446703	74776700
1246115959	83034255	79167603
1246115979	78119032	95158399
1246115979	95158399	100270183
1246115979	86966422	74973289
1246115999	95158399	78119032
1246115999	95158399	74973289
1246115999	95158399	100270183
1246116019	76087419	80019559
1246116039	73400450	88604790
1246116039	83558516	75104375
1246116059	73400450	88604790
1246116059	80019559	76087419
1246116059	80019559	75104375
1246116059	80019559	83558516
1246116059	76087419	75104375
1246116059	76087419	83558516
1246116059	75104375	83558516
1246116079	73400450	88604790
1246116079	83558516	76087419
1246116079	83558516	75104375
1246116079	83558516	80019559
1246116079	76087419	75104375
1246116079	76087419	80019559
1246116079	74973289	100270183
1246116079	75104375	80019559
1246116099	73400450	88604790
1246116099	78119032	100270183
1246116099	95158399	100270183
1246116119	78119032	100270183
1246116139	73400450	88604790
1246116159	73400450	88604790
1246116179	74973289	100270183
1246116179	96141444	96075924
1246116219	74973289	100270183
1246116219	83034255	79167603
1246116239	74973289	100270183
1246116259	73400450	88604790
1246116279	73400450	88604790
1246116299	83034255	79167603
1246116319	83034255	79167603
1246116339	83034255	79167603
1246116359	73400450	88604790
1246116359	96141444	96075924
1246116379	73400450	88604790
1246116379	96075924	96141444
1246116399	96075924	96141444
1246116419	78446703	74776700
1246116419	96075924	96141444
1246116439	96075924	96141444
1246116459	96075924	96141444
1246116479	73400450	88604790
1246116479	74973289	100270183
1246116499	73400450	88604790
1246116499	74973289	100270183
1246116519	73400450	88604790
1246116519	77922414	100270183
1246116519	74973289	100270183
1246116539	73400450	88604790
1246116539	77922414	100270183
1246116539	83034255	79167603
1246116539	74973289	100270183
1246116559	74973289	100270183
1246116599	73400450	88604790
1246116619	78446703	74776700
1246116639	74973289	100270183
1246116659	74973289	100270183
1246116679	73400450	88604790
1246116679	74973289	100270183
1246116699	74973289	100270183
1246116719	73400450	88604790
1246116739	73400450	88604790
1246116739	74973289	100270183
1246116759	73400450	88604790
1246116759	74973289	100270183
1246116799	73400450	88604790
1246116839	79167603	83034255
1246116859	83034255	79167603
1246116859	74973289	100270183
1246116879	79167603	83034255
1246116899	79167603	83034255
1246116899	74973289	100270183
1246116919	77922414	100270183
1246116919	83034255	79167603
1246116919	74973289	100270183
1246116939	73400450	88604790
1246116939	77922414	74973289
1246116939	77922414	100270183
1246116939	83034255	79167603
1246116939	74973289	100270183
1246116959	73400450	88604790
1246116959	77922414	100270183
1246116959	74973289	100270183
1246116959	83034255	79167603
1246116979	73400450	88604790
1246116979	83034255	79167603
1246116979	74973289	100270183
1246116999	83034255	79167603
1246116999	74973289	100270183
1246117019	83034255	79167603
1246117039	77922414	100270183
1246117039	79167603	83034255
1246117059	77922414	100270183
1246117059	77922414	95158399
1246117059	83034255	79167603
1246117079	77922414	95158399
1246117079	79167603	83034255
1246117079	74973289	100270183
1246117099	79167603	83034255
1246117119	77922414	74973289
1246117119	77922414	100270183
1246117119	79167603	83034255
1246117139	73400450	88604790
1246117139	77922414	95158399
1246117139	83034255	79167603
1246117139	74973289	100270183
1246117159	77922414	74973289
1246117159	77922414	100270183
1246117159	74973289	100270183
1246117159	83034255	79167603
1246117179	77922414	95158399
1246117179	83034255	79167603
1246117199	79167603	83034255
1246117219	79167603	83034255
1246117239	79167603	83034255
1246117259	79167603	83034255
1246117279	78446704	96141445
1246117279	83034255	79167603
1246117299	83034255	79167603
1246117319	77922414	74973289
1246117319	79167603	83034255
1246117339	73400450	88604790
1246117339	78446704	96141445
1246117339	79167603	83034255
1246117359	73400450	79167603
1246117359	73400450	88604790
1246117359	73400450	83034255
1246117359	77922414	74973289
1246117359	88604790	79167603
1246117359	88604790	83034255
1246117359	79167603	83034255
1246117379	73400450	79167603
1246117379	73400450	88604790
1246117379	73400450	83034255
1246117379	88604790	79167603
1246117379	88604790	83034255
1246117379	79167603	83034255
1246117399	73400450	79167603
1246117399	73400450	83034255
1246117399	79167603	83034255
1246117419	73400450	79167603
1246117419	73400450	83034255
1246117419	79167603	83034255
1246117439	73400450	79167603
1246117439	73400450	83034255
1246117439	83034255	79167603
1246117459	73400450	79167603
1246117459	73400450	83034255
1246117459	79167603	83034255
1246117479	73400450	79167603
1246117479	73400450	83034255
1246117479	79167603	83034255
1246117499	73400450	79167603
1246117499	73400450	83034255
1246117499	83034255	79167603
1246117519	73400450	79167603
1246117519	73400450	83034255
1246117519	78446704	96141445
1246117519	79167603	83034255
1246117539	73400450	79167603
1246117539	73400450	83034255
1246117539	78446704	96141445
1246117539	83034255	79167603
1246117559	73400450	79167603
1246117559	73400450	83034255
1246117559	78446704	96141445
1246117559	79167603	83034255
1246117579	73400450	79167603
1246117579	73400450	83034255
1246117579	78446704	96141445
1246117579	83034255	79167603
1246117599	73400450	79167603
1246117599	73400450	83034255
1246117599	78446704	96141445
1246117599	79167603	83034255
1246117619	73400450	79167603
1246117619	73400450	83034255
1246117619	77922414	74973289
1246117619	78446704	96141445
1246117619	83034255	79167603
1246117639	73400450	79167603
1246117639	73400450	83034255
1246117639	78446704	96141445
1246117639	79167603	83034255
1246117659	73400450	79167603
1246117659	73400450	83034255
1246117659	83034255	79167603
1246117679	73400450	79167603
1246117679	73400450	83034255
1246117679	79167603	83034255
1246117739	78446704	96141445
1246117739	74973289	96141445
1246117759	77922414	74973289
1246117779	77922414	74973289
1246117779	86966422	74973289
1246117779	74973289	100270183
1246117779	74973289	96141445
1246117799	77922414	74973289
1246117799	77922414	100270183
1246117799	77922414	86966422
1246117799	74973289	100270183
1246117819	77922414	74973289
1246117819	77922414	100270183
1246117819	78446704	96141445
1246117819	74973289	100270183
1246117839	77922414	100270183
1246117839	74973289	100270183
1246117859	74973289	100270183
1246117859	100270183	96141445
1246117879	74973289	100270183
1246117899	74973289	100270183
1246117919	100270183	96141445
1246117939	74973289	100270183
1246117959	74973289	100270183
1246117959	74973289	96141445
1246117959	100270183	96141445
1246117979	74973289	100270183
1246117979	74973289	96141445
1246117979	100270183	96141445
1246117999	74973289	78446704
1246117999	100270183	96141445
1246118019	78446704	100270183
1246118039	100270183	78446704
1246118099	77922414	74973289
1246118099	78119032	100270183
1246118099	78446704	100270183
1246118099	78446704	96141445
1246118099	74973289	100270183
1246118099	100270183	96141445
1246118119	78446704	100270183
1246118139	74973289	100270183
1246118239	74973289	96141445
1246118239	100270183	96141445
1246118259	74973289	96141445
1246118259	100270183	96141445
1246118279	77922414	100270183
1246118299	78119032	100270183
1246118299	78119032	96141445
1246118299	74973289	100270183
1246118319	74973289	100270183
1246118339	77922414	100270183
1246118339	78446704	100270183
1246118339	74973289	100270183
1246118359	78446704	100270183
1246118359	100270183	96141445
1246118379	78446704	100270183
1246118379	100270183	96141445
1246118399	78446704	100270183
1246118579	95158399	74973289
1246118579	74973289	100270183
1246118599	74973289	100270183
1246118719	78119032	100270183
1246118899	95158399	100270183
1246118939	95158399	100270183
1246118979	95158399	100270183
1246118999	95158399	100270183
1246119039	78446704	100270183
1246119059	95158399	78446704
1246119079	95158399	78446704
1246119079	78446704	74973289
1246119099	78446704	96141445
1246119099	74973289	100270183
1246119119	77922414	100270183
1246119119	78446704	96141445
1246119119	74973289	100270183
1246119139	77922414	100270183
1246119139	78446704	96141445
1246119139	74973289	100270183
1246119159	77922414	100270183
1246119159	74973289	100270183
1246119179	77922414	100270183
1246119179	78446704	100270183
1246119199	77922414	74973289
1246119199	77922414	100270183
1246119199	78119032	100270183
1246119199	95158399	100270183
1246119199	78446704	74973289
1246119199	74973289	100270183
1246119299	100270183	96141445
1246119299	100270183	95158399
1246119299	100270183	78446704
1246119299	100270183	77922414
1246119299	96141445	95158399
1246119299	96141445	78446704
1246119299	96141445	77922414
1246119299	95158399	78446704
1246119299	95158399	77922414
1246119299	78446704	77922414
1246119339	96141445	78446704
