1244628059	104923250	98631764
1244628059	104923250	95092808
1244628059	95092808	98631764
1244628079	98631764	104923250
1244628079	98631764	95092808
1244628079	95092808	104923250
1244628099	104923250	95092808
1244628099	95092808	98631764
1244628179	95092808	104923250
1244628259	77922385	78118999
1244628279	77922385	78118999
1244628299	104923250	95092808
1244628299	77922385	78118999
1244628339	77922385	78118999
1244628359	77922385	78118999
1244628379	77922385	78118999
1244628419	77922385	78118999
1244628459	77922385	78118999
1244628479	77922385	78118999
1244628499	77922385	78118999
1244628599	99352656	96075882
1244628599	99352656	78446683
1244628599	78446683	96075882
1244628619	84476001	84410462
1244628619	84476001	83034234
1244628619	84410462	83034234
1244628639	84476001	96403540
1244628659	78118999	77922385
1244628679	77922385	78118999
1244628679	90570828	84476001
1244628699	84410462	96075882
1244628699	84410462	74776680
1244628699	84476001	83034234
1244628699	77922385	78118999
1244628699	78446683	99352656
1244628699	78446683	90636393
1244628699	104136788	99352656
1244628699	96075882	74776680
1244628699	96403540	90505327
1244628699	90505327	99352656
1244628699	90570828	90636393
1244628719	100991090	84410462
1244628719	84410462	96075882
1244628719	78446683	90570828
1244628719	78905433	96403540
1244628719	104136788	90636393
1244628719	96075882	74776680
1244628719	96403540	90505327
1244628719	90570828	90636393
1244628739	100991090	84410462
1244628739	100991090	78446683
1244628739	84476001	78905433
1244628739	95158370	90636393
1244628739	78446683	104136788
1244628739	78905433	90505327
1244628739	78905433	96403540
1244628739	104136788	90636393
1244628739	96075882	90636393
1244628739	96403540	83034234
1244628739	96403540	90505327
1244628739	90636393	99352656
1244628759	100991090	84476001
1244628759	84410462	96075882
1244628759	84476001	78905433
1244628759	84476001	96403540
1244628759	95158370	90636393
1244628759	90505327	83034234
1244628759	90570828	90636393
1244628759	90636393	99352656
1244628779	84410462	96075882
1244628779	84476001	78905433
1244628779	84476001	96403540
1244628779	77463647	100466766
1244628779	78905433	96403540
1244628779	96403540	90505327
1244628779	90570828	74776680
1244628799	84476001	83034234
1244628799	84476001	78905433
1244628799	77463647	100466766
1244628799	95092808	104923250
1244628799	95158370	74776680
1244628799	95158370	90570828
1244628819	100991090	99352656
1244628819	100991090	96403540
1244628819	84476001	96403540
1244628819	95092808	104923250
1244628819	78446683	74776680
1244628819	78446683	96403540
1244628819	96075882	83034234
1244628819	96403540	83034234
1244628819	83034234	74776680
1244628839	100991090	84476001
1244628839	100991090	83034234
1244628839	84476001	96403540
1244628839	77463647	100466766
1244628839	95092808	104923250
1244628839	95158370	78905433
1244628839	96403540	83034234
1244628839	96403540	90636393
1244628839	90505327	99352656
1244628859	84476001	78905433
1244628859	84476001	90570828
1244628859	77463647	100466766
1244628859	77922385	78118999
1244628859	95092808	104923250
1244628859	95158370	78905433
1244628859	95158370	90505327
1244628859	78905433	90570828
1244628859	96403540	99352656
1244628859	96403540	74776680
1244628859	90505327	99352656
1244628859	83034234	74776680
1244628879	100991090	83034234
1244628879	100991090	104136788
1244628879	100991090	96403540
1244628879	77922385	78118999
1244628879	95092808	104923250
1244628879	95158370	90505327
1244628879	95158370	90570828
1244628879	96403540	99352656
1244628879	96403540	74776680
1244628879	90505327	90570828
1244628899	100991090	96403540
1244628899	100991090	99352656
1244628899	100991090	90505327
1244628899	100991090	104136788
1244628899	84476001	90570828
1244628899	77463647	100466766
1244628899	77922385	78118999
1244628899	95158370	90505327
1244628899	95158370	90570828
1244628899	96403540	74776680
1244628919	84410462	84476001
1244628919	95158370	90505327
1244628919	96403540	99352656
1244628919	96403540	74776680
1244628919	90505327	99352656
1244628939	100991090	99352656
1244628939	100991090	104136788
1244628939	100991090	96403540
1244628939	84410462	84476001
1244628939	84476001	83034234
1244628939	104136788	96403540
1244628939	96403540	99352656
1244628939	96403540	74776680
1244628939	90505327	99352656
1244628959	100991090	83034234
1244628959	100991090	74776680
1244628959	100991090	96403540
1244628959	77463647	100466766
1244628959	77922385	78118999
1244628959	78905433	90570828
1244628959	96403540	90505327
1244628959	96403540	99352656
1244628959	96403540	90636393
1244628959	99352656	83034234
1244628979	100991090	83034234
1244628979	77463647	100466766
1244628979	77922385	78118999
1244628979	95158370	78905433
1244628979	95158370	96403540
1244628979	96403540	90636393
1244628999	100991090	95158370
1244628999	100991090	104136788
1244628999	100991090	74776680
1244628999	84410462	90570828
1244628999	77463647	100466766
1244628999	95158370	90505327
1244628999	95158370	104136788
1244628999	78905433	99352656
1244628999	90570828	99352656
1244629019	100991090	99352656
1244629019	100991090	90505327
1244629019	100991090	90570828
1244629019	84410462	96075882
1244629019	77463647	100466766
1244629019	78905433	99352656
1244629019	78905433	90570828
1244629039	100991090	84410462
1244629039	100991090	95158370
1244629039	100991090	74776680
1244629039	100991090	90570828
1244629039	77463647	100466766
1244629039	77922385	78118999
1244629039	95158370	90505327
1244629039	78905433	90505327
1244629039	96403540	99352656
1244629039	96403540	90636393
1244629039	90505327	99352656
1244629039	90570828	99352656
1244629059	77463647	100466766
1244629059	77922385	78118999
1244629059	95158370	78905433
1244629059	96403540	83034234
1244629059	99352656	83034234
1244629059	99352656	74776680
1244629079	90505327	96075882
1244629079	90570828	95158370
1244629079	95158370	99352656
1244629079	95158370	96403540
1244629079	100466766	77463647
1244629099	104923250	95092808
1244629099	90505327	78446683
1244629099	99352656	96403540
1244629119	90505327	83034234
1244629119	95158370	78446683
1244629119	78446683	96075882
1244629139	77922385	78118999
1244629139	90570828	95158370
1244629139	90570828	96403540
1244629139	84476001	99352656
1244629139	99352656	95158370
1244629139	78446683	96075882
1244629139	100466766	77463647
1244629139	83034234	90505327
1244629139	96075882	84410462
1244629159	77463647	100466766
1244629159	95158370	99352656
1244629159	96075882	74776680
1244629179	84410462	96075882
1244629179	77463647	100466766
1244629179	96403540	99352656
1244629179	96403540	83034234
1244629199	100991090	84410462
1244629199	84410462	90636393
1244629199	95158370	83034234
1244629199	95158370	96403540
1244629199	84476001	90570828
1244629219	100991090	84410462
1244629219	100991090	100466766
1244629219	77463647	100466766
1244629219	95158370	96403540
1244629219	84476001	90570828
1244629239	77463647	100466766
1244629239	95158370	96403540
1244629239	96403540	83034234
1244629259	101253207	78970996
1244629279	101253207	94699609
1244629279	94175327	94699609
1244629279	77463647	100466766
1244629299	94175327	78970996
1244629299	77463647	100466766
1244629299	94699609	101253207
1244629299	94699609	97189975
1244629299	86966378	73597033
1244629299	78970996	101253207
1244629299	78970996	97189975
1244629299	78970996	78577740
1244629299	101253207	97189975
1244629299	101253207	78577740
1244629299	84476001	96403540
1244629319	101253207	86966378
1244629319	86966378	73597033
1244629319	86966378	94175327
1244629319	77463647	95158370
1244629319	77463647	100466766
1244629319	102695019	78577740
1244629319	95092808	104923250
1244629319	78577740	104202328
1244629319	78905433	90636393
1244629319	78970996	97189975
1244629319	97189975	94699609
1244629319	99352656	96403540
1244629339	100991090	99352656
1244629339	94175327	78970996
1244629339	77463647	100466766
1244629339	77463647	90570828
1244629339	102695019	101253207
1244629339	95092808	104923250
1244629339	95158370	84476001
1244629339	95158370	73269342
1244629339	104202328	99876943
1244629339	84476001	73269342
1244629339	96403540	90505327
1244629339	96403540	90636393
1244629339	101253207	94699609
1244629339	97189975	94699609
1244629339	94699609	99876943
1244629339	99352656	74776680
1244629359	100991090	83034234
1244629359	100991090	99352656
1244629359	100991090	96403540
1244629359	84410462	95158370
1244629359	84410462	74776680
1244629359	84410462	73269342
1244629359	101253207	78577740
1244629359	101253207	94699609
1244629359	94175327	104398942
1244629359	94175327	78970996
1244629359	94175327	94699609
1244629359	95158370	73269342
1244629359	78577740	99876943
1244629359	78577740	104202328
1244629359	78905433	99352656
1244629359	104202328	99876943
1244629359	104398942	78970996
1244629359	90636393	96403540
1244629359	99352656	83034234
1244629359	99352656	74776680
1244629359	83034234	96403540
1244629379	100991090	99352656
1244629379	84410462	99352656
1244629379	86966378	99876943
1244629379	86966378	94699609
1244629379	86966378	78577740
1244629379	94502999	104202328
1244629379	78905433	90505327
1244629379	104202328	99876943
1244629379	97189975	99876943
1244629379	99352656	104136788
1244629399	100991090	99352656
1244629399	84410462	99352656
1244629399	95158370	90505327
1244629399	95158370	96403540
1244629399	86966378	104398942
1244629399	86966378	94699609
1244629399	94175327	99876943
1244629399	102695019	104398942
1244629399	102695019	99876943
1244629399	102695019	104202328
1244629399	102695019	78577740
1244629399	94699609	101253207
1244629399	94699609	97189975
1244629399	78446683	99352656
1244629399	78446683	90636393
1244629399	76087395	73269342
1244629399	84476001	73269342
1244629399	78970996	101253207
1244629399	101253207	97189975
1244629399	97189975	73597033
1244629399	73597033	99876943
1244629399	90505327	96403540
1244629399	90636393	96403540
1244629419	100991090	99352656
1244629419	84476001	73269342
1244629419	86966378	104398942
1244629419	86966378	104202328
1244629419	102695019	99876943
1244629419	102695019	104202328
1244629419	104202328	99876943
1244629419	96403540	95158370
1244629419	101253207	73597033
1244629419	101253207	94699609
1244629419	97189975	73597033
1244629419	97189975	94699609
1244629419	95158370	90505327
1244629419	78970996	74317910
1244629439	100991090	84410462
1244629439	100991090	74776680
1244629439	95158370	90505327
1244629439	94175327	97189975
1244629439	94175327	78381156
1244629439	94175327	104202328
1244629439	77463647	100466766
1244629439	102695019	99876943
1244629439	78905433	83034234
1244629439	78905433	99352656
1244629439	78905433	90570828
1244629439	104202328	99876943
1244629439	99352656	74776680
1244629459	100991090	99352656
1244629459	84410462	73269342
1244629459	84410462	90636393
1244629459	101253207	78381156
1244629459	101253207	94699609
1244629459	77463647	100466766
1244629459	102695019	99876943
1244629459	78381156	74317910
1244629459	78577740	94699609
1244629459	104202328	74317910
1244629459	104398942	97189975
1244629459	96403540	99352656
1244629459	97189975	94699609
1244629459	95158370	73269342
1244629459	94699609	99876943
1244629459	78970996	74317910
1244629459	73597033	99876943
1244629459	90636393	99352656
1244629479	100991090	99352656
1244629479	94175327	104202328
1244629479	77463647	100466766
1244629479	102695019	97189975
1244629479	102695019	104202328
1244629479	94699609	99876943
1244629479	104202328	97189975
1244629479	97189975	99876943
1244629479	95158370	73269342
1244629479	73597033	99876943
1244629479	90636393	99352656
1244629479	99352656	96403540
1244629499	100991090	99352656
1244629499	100991090	90636393
1244629499	95158370	73269342
1244629499	95158370	96403540
1244629499	94175327	97189975
1244629499	94175327	86966378
1244629499	77463647	100466766
1244629499	102695019	104398942
1244629499	102695019	104202328
1244629499	78381156	97189975
1244629499	96075882	73269342
1244629499	97189975	78577740
1244629499	90636393	99352656
1244629519	100991090	99352656
1244629519	86966378	74317910
1244629519	77463647	100466766
1244629519	102695019	104398942
1244629519	94699609	101253207
1244629519	95158370	73269342
1244629519	95158370	96403540
1244629519	78577740	104202328
1244629519	96403540	99352656
1244629519	97189975	73597033
1244629519	90636393	99352656
1244629539	100991090	99352656
1244629539	84410462	99352656
1244629539	101253207	94699609
1244629539	86966378	99876943
1244629539	94175327	104398942
1244629539	94175327	97189975
1244629539	94175327	78970996
1244629539	94175327	102695019
1244629539	77463647	100466766
1244629539	102695019	104398942
1244629539	78118999	77922385
1244629539	78577740	99876943
1244629539	78577740	104202328
1244629539	78905433	90570828
1244629539	104202328	99876943
1244629539	104398942	97189975
1244629539	96403540	90505327
1244629539	97189975	73597033
1244629539	97189975	99876943
1244629539	90636393	99352656
1244629539	99352656	74776680
1244629559	100991090	73269342
1244629559	100991090	96403540
1244629559	84410462	83034234
1244629559	86966378	104202328
1244629559	86966378	78577740
1244629559	94175327	104398942
1244629559	94175327	97189975
1244629559	94175327	102695019
1244629559	102695019	73597033
1244629559	102695019	78381156
1244629559	102695019	97189975
1244629559	77922385	78118999
1244629559	78577740	104202328
1244629559	78905433	90505327
1244629559	84476001	90570828
1244629559	97189975	73597033
1244629559	78381156	73597033
1244629559	73269342	96403540
1244629559	90570828	96403540
1244629579	100991090	90570828
1244629579	100991090	73269342
1244629579	100991090	96403540
1244629579	78381156	102695019
1244629579	94175327	104398942
1244629579	94175327	102695019
1244629579	102695019	104398942
1244629579	102695019	97189975
1244629579	78118999	77922385
1244629579	95158370	83034234
1244629579	95158370	78905433
1244629579	78905433	90570828
1244629579	104398942	97189975
1244629579	84476001	99352656
1244629579	84476001	90570828
1244629579	96403540	73269342
1244629599	100991090	96403540
1244629599	84410462	83034234
1244629599	86966378	78381156
1244629599	86966378	73597033
1244629599	94175327	104398942
1244629599	94175327	97189975
1244629599	94175327	73597033
1244629599	94175327	102695019
1244629599	77463647	100466766
1244629599	102695019	78381156
1244629599	78118999	77922385
1244629599	95158370	78905433
1244629599	78577740	104202328
1244629599	104202328	99876943
1244629599	84476001	99352656
1244629599	84476001	90570828
1244629599	104398942	97189975
1244629599	97189975	73597033
1244629599	90570828	99352656
1244629619	84410462	90505327
1244629619	84410462	90636393
1244629619	94175327	104398942
1244629619	94175327	97189975
1244629619	77463647	100466766
1244629619	102695019	97189975
1244629619	94502999	99876943
1244629619	77922385	78118999
1244629619	78905433	83034234
1244629619	78970996	78381156
1244629619	78970996	104202328
1244629619	104202328	99876943
1244629619	104202328	78577740
1244629619	104398942	97189975
1244629619	78381156	94699609
1244629619	73269342	96403540
1244629619	90570828	83034234
1244629619	78577740	99876943
1244629639	100991090	99352656
1244629639	84410462	83034234
1244629639	86966378	94175327
1244629639	86966378	102695019
1244629639	94175327	104398942
1244629639	94175327	97189975
1244629639	77463647	100466766
1244629639	102695019	104398942
1244629639	102695019	97189975
1244629639	94699609	78381156
1244629639	78118999	77922385
1244629639	78381156	78970996
1244629639	78577740	99876943
1244629639	104398942	97189975
1244629659	84410462	90505327
1244629659	94175327	97189975
1244629659	94175327	78970996
1244629659	94175327	102695019
1244629659	102695019	73597033
1244629659	102695019	97189975
1244629659	77922385	78118999
1244629659	78970996	99876943
1244629659	84476001	90505327
1244629659	84476001	90636393
1244629659	104398942	73597033
1244629659	104398942	97189975
1244629679	100991090	96403540
1244629679	84410462	84476001
1244629679	101253207	94699609
1244629679	78118999	77922385
1244629679	95158370	84476001
1244629679	95158370	73269342
1244629679	78970996	99876943
1244629679	104202328	99876943
1244629679	84476001	83034234
1244629679	96075882	100270150
1244629699	101253207	94699609
1244629699	77922385	78118999
1244629699	95158370	84476001
1244629699	84476001	83034234
1244629699	76087395	73269342
1244629699	104398942	97189975
1244629699	96075882	90505327
1244629699	90570828	83034234
1244629719	100991090	96403540
1244629719	101253207	94699609
1244629719	86966378	73597033
1244629719	86966378	97189975
1244629719	86966378	102695019
1244629719	102695019	104398942
1244629719	102695019	97189975
1244629719	102695019	73597033
1244629719	95158370	84476001
1244629719	95158370	83034234
1244629719	78905433	90570828
1244629719	104202328	99876943
1244629719	84476001	83034234
1244629719	84476001	90570828
1244629719	104398942	73597033
1244629719	104398942	97189975
1244629719	96075882	90505327
1244629719	97189975	73597033
1244629739	101253207	94699609
1244629739	77463647	100466766
1244629739	95158370	84476001
1244629739	95158370	96075882
1244629739	104202328	99876943
1244629739	84476001	83034234
1244629739	84476001	90570828
1244629739	96075882	90505327
1244629739	90570828	83034234
1244629759	100991090	83034234
1244629759	100991090	73269342
1244629759	101253207	94699609
1244629759	86966378	73597033
1244629759	86966378	102695019
1244629759	77463647	100466766
1244629759	78118999	77922385
1244629759	78577740	99876943
1244629759	76087395	73269342
1244629779	101253207	94699609
1244629779	77463647	100466766
1244629779	77922385	78118999
1244629779	78905433	90570828
1244629779	96075882	73269342
1244629779	96075882	90570828
1244629779	96403540	99352656
1244629779	73269342	90570828
1244629779	90505327	99352656
1244629799	84410462	96403540
1244629799	101253207	97189975
1244629799	101253207	99876943
1244629799	86966378	73597033
1244629799	86966378	102695019
1244629799	77463647	100466766
1244629799	102695019	73597033
1244629799	102695019	78381156
1244629799	77922385	78118999
1244629799	78577740	104202328
1244629799	104202328	99876943
1244629799	104398942	73597033
1244629799	84476001	99352656
1244629799	96403540	83034234
1244629799	97189975	78381156
1244629799	97189975	94699609
1244629799	78381156	94699609
1244629799	90636393	74776680
1244629799	99352656	74776680
1244629799	74317910	99876943
1244629819	100991090	99352656
1244629819	84410462	95158370
1244629819	84410462	73269342
1244629819	101253207	99876943
1244629819	101253207	94699609
1244629819	77463647	100466766
1244629819	102695019	104398942
1244629819	102695019	99876943
1244629819	102695019	104202328
1244629819	94699609	97189975
1244629819	95158370	73269342
1244629819	90505327	99352656
1244629839	94175327	78118999
1244629839	94175327	78970996
1244629839	102695019	99876943
1244629839	77922385	99876943
1244629839	95158370	96403540
1244629839	86966378	97189975
1244629839	104202328	73597033
1244629839	101253207	94699609
1244629839	96403540	73269342
1244629839	96403540	90570828
1244629839	73269342	90636393
1244629859	101253207	99876943
1244629859	101253207	104202328
1244629859	86966378	73597033
1244629859	77463647	100466766
1244629859	102695019	104398942
1244629859	78381156	73597033
1244629859	104202328	99876943
1244629859	104398942	99876943
1244629859	96403540	95158370
1244629859	96403540	73269342
1244629859	97189975	73597033
1244629879	101253207	102695019
1244629879	101253207	78970996
1244629879	101253207	94699609
1244629879	86966378	73597033
1244629879	86966378	78381156
1244629879	95158370	73269342
1244629879	95158370	96403540
1244629879	96403540	90570828
1244629879	97189975	78381156
1244629879	97189975	73597033
1244629879	73269342	90636393
1244629879	99352656	83034234
1244629899	78381156	104398942
1244629899	78381156	94175327
1244629899	86966378	73597033
1244629899	94175327	73597033
1244629899	94175327	97189975
1244629899	77463647	100466766
1244629899	102695019	101253207
1244629899	102695019	94699609
1244629899	78118999	77922385
1244629899	95158370	78905433
1244629899	95158370	90570828
1244629899	95158370	96403540
1244629899	104202328	99876943
1244629899	101253207	99876943
1244629899	75104348	99876943
1244629899	99352656	83034234
1244629919	84410462	95158370
1244629919	84476001	95158370
1244629919	94175327	78381156
1244629919	77463647	100466766
1244629919	102695019	78970996
1244629919	78446683	73269342
1244629919	78970996	73597033
1244629919	104202328	99876943
1244629919	90505327	99352656
1244629919	99352656	83034234
1244629919	83034234	100466766
1244629939	94175327	73597033
1244629939	94175327	78381156
1244629939	94175327	78577740
1244629939	77463647	100466766
1244629939	78577740	73597033
1244629939	78577740	99876943
1244629939	78577740	104202328
1244629939	78905433	95158370
1244629939	78905433	73269342
1244629939	78970996	73597033
1244629939	104202328	99876943
1244629939	97189975	73597033
1244629939	90505327	99352656
1244629959	86966378	73597033
1244629959	86966378	102695019
1244629959	94175327	104398942
1244629959	94175327	73597033
1244629959	94175327	78577740
1244629959	77463647	100466766
1244629959	95158370	78905433
1244629959	78577740	104202328
1244629979	77463647	100466766
1244629979	102695019	94699609
1244629979	102695019	86966378
1244629979	86966378	78970996
1244629979	76087395	73269342
1244629979	97189975	73597033
1244629999	77463647	100466766
1244629999	102695019	94699609
1244629999	94699609	78970996
1244629999	86966378	78970996
1244629999	86966378	74317910
1244629999	104202328	99876943
1244629999	96403540	99352656
1244629999	97189975	74317910
1244629999	90505327	99352656
1244629999	78577740	99876943
1244630019	101253207	94699609
1244630019	86966378	73597033
1244630019	86966378	94699609
1244630019	86966378	74317910
1244630019	94175327	99876943
1244630019	77463647	100466766
1244630019	102695019	78970996
1244630019	102695019	94699609
1244630019	78577740	104202328
1244630019	78970996	73597033
1244630019	78970996	74317910
1244630019	104202328	99876943
1244630019	97189975	73597033
1244630019	73597033	74317910
1244630039	101253207	99876943
1244630039	101253207	94699609
1244630039	77463647	100466766
1244630039	94699609	99876943
1244630039	78118999	77922385
1244630039	78970996	97189975
1244630059	101253207	99876943
1244630059	101253207	94699609
1244630059	77463647	100466766
1244630059	102695019	104398942
1244630059	102695019	73597033
1244630059	102695019	86966378
1244630059	78381156	73597033
1244630059	78905433	99352656
1244630059	78970996	73597033
1244630059	73597033	74317910
1244630079	101253207	99876943
1244630079	101253207	94699609
1244630079	101253207	102695019
1244630079	77463647	100466766
1244630079	102695019	73597033
1244630079	102695019	104398942
1244630079	78118999	77922385
1244630079	95158370	90505327
1244630079	78970996	73597033
1244630079	96403540	90505327
1244630079	78381156	73597033
1244630079	73597033	74317910
1244630099	77463647	100466766
1244630099	77922385	78118999
1244630099	78381156	73597033
1244630099	78970996	73597033
1244630099	104202328	101253207
1244630099	104202328	99876943
1244630099	95158370	90505327
1244630099	95158370	73269342
1244630099	73269342	90505327
1244630099	73269342	74776680
1244630099	73597033	74317910
1244630099	90636393	74776680
1244630119	84410462	73269342
1244630119	101253207	99876943
1244630119	94175327	104202328
1244630119	77463647	100466766
1244630119	78118999	77922385
1244630119	95158370	73269342
1244630119	95158370	90636393
1244630119	78970996	73597033
1244630119	104202328	99876943
1244630119	73597033	74317910
1244630139	84410462	96403540
1244630139	101253207	94699609
1244630139	94175327	94699609
1244630139	94175327	104202328
1244630139	77463647	100466766
1244630139	77922385	78118999
1244630139	104202328	94699609
1244630139	95158370	90636393
1244630139	73269342	90636393
1244630159	84410462	95158370
1244630159	84410462	73269342
1244630159	77463647	100466766
1244630159	95158370	73269342
1244630159	95158370	90636393
1244630159	104202328	99876943
1244630159	101253207	99876943
1244630159	96403540	73269342
1244630179	100991090	96403540
1244630179	94175327	104398942
1244630179	94175327	94699609
1244630179	77463647	100466766
1244630179	78118999	77922385
1244630179	78970996	73597033
1244630179	76087395	73269342
1244630179	96403540	99352656
1244630179	97189975	73597033
1244630179	95158370	90636393
1244630179	90505327	99352656
1244630179	99352656	74776680
1244630199	100991090	96403540
1244630199	94175327	94699609
1244630199	94175327	104202328
1244630199	77463647	100466766
1244630199	102695019	94699609
1244630199	77922385	78118999
1244630199	78905433	96075882
1244630199	78970996	73597033
1244630199	84476001	83034234
1244630199	84476001	96403540
1244630199	101253207	99876943
1244630199	97189975	73597033
1244630199	97189975	74317910
1244630219	100991090	96403540
1244630219	101253207	99876943
1244630219	94175327	104202328
1244630219	77463647	100466766
1244630219	102695019	104398942
1244630219	77922385	78118999
1244630219	78446683	90636393
1244630219	78905433	90636393
1244630219	84476001	83034234
1244630219	84476001	96403540
1244630219	97189975	73597033
1244630239	84410462	96403540
1244630239	84476001	83034234
1244630239	94175327	104398942
1244630239	94175327	102695019
1244630239	77463647	100466766
1244630239	77463647	96403540
1244630239	102695019	104398942
1244630239	102695019	78381156
1244630239	78970996	78381156
1244630239	101253207	99876943
1244630239	97189975	75104348
1244630239	97189975	73597033
1244630239	97189975	78381156
1244630239	94699609	99876943
1244630259	101253207	104202328
1244630259	94175327	104398942
1244630259	77463647	100466766
1244630259	102695019	78381156
1244630259	102695019	74317910
1244630259	77922385	78118999
1244630259	78446683	78905433
1244630259	86966378	74317910
1244630259	78905433	84476001
1244630259	104202328	99876943
1244630259	96075882	83034234
1244630259	96403540	99352656
1244630259	97189975	78381156
1244630259	97189975	73597033
1244630259	78381156	74317910
1244630259	83034234	74776680
1244630279	100991090	95158370
1244630279	100991090	99352656
1244630279	100991090	90505327
1244630279	100991090	90636393
1244630279	78381156	97189975
1244630279	78381156	74317910
1244630279	78381156	102695019
1244630279	94175327	97189975
1244630279	77463647	100466766
1244630279	78118999	77922385
1244630279	95158370	99352656
1244630279	95158370	96403540
1244630279	78446683	96075882
1244630279	78446683	78905433
1244630279	86966378	74317910
1244630279	104202328	99876943
1244630279	104398942	101253207
1244630279	96075882	84476001
1244630279	84476001	74776680
1244630279	96403540	90505327
1244630279	96403540	90636393
1244630279	101253207	99876943
1244630279	90505327	99352656
1244630279	90636393	99352656
1244630299	101253207	94699609
1244630299	86966378	74317910
1244630299	94175327	78381156
1244630299	94175327	73597033
1244630299	77463647	100466766
1244630299	102695019	78381156
1244630299	78577740	99876943
1244630299	104202328	99876943
1244630299	73597033	74317910
1244630319	77463647	100466766
1244630319	94699609	101253207
1244630319	86966378	74317910
1244630319	104202328	101253207
1244630319	104202328	99876943
1244630319	97189975	78381156
1244630319	78381156	74317910
1244630319	73597033	74317910
1244630339	101253207	94699609
1244630339	86966378	94699609
1244630339	86966378	74317910
1244630339	94175327	97189975
1244630339	94175327	78381156
1244630339	77463647	100466766
1244630339	94699609	78577740
1244630339	78381156	97189975
1244630339	104202328	99876943
1244630339	76087395	73269342
1244630359	101253207	99876943
1244630359	101253207	104202328
1244630359	86966378	74317910
1244630359	94175327	78381156
1244630359	94175327	74317910
1244630359	77463647	100466766
1244630359	78381156	73597033
1244630359	104202328	99876943
1244630359	104398942	74317910
1244630379	101253207	99876943
1244630379	101253207	94699609
1244630379	101253207	104202328
1244630379	86966378	74317910
1244630379	94175327	97189975
1244630379	94175327	99876943
1244630379	94175327	78577740
1244630379	77463647	100466766
1244630379	78381156	104398942
1244630379	104202328	99876943
1244630399	101253207	99876943
1244630399	101253207	94699609
1244630399	101253207	74317910
1244630399	77463647	100466766
1244630399	102695019	104398942
1244630399	94502999	74317910
1244630399	78381156	104398942
1244630399	78381156	73597033
1244630399	104202328	99876943
1244630399	104202328	74317910
1244630399	74317910	99876943
1244630419	77463647	100466766
1244630419	102695019	104398942
1244630419	102695019	73597033
1244630419	94699609	101253207
1244630419	94699609	74317910
1244630419	78381156	104398942
1244630419	104202328	99876943
1244630419	101253207	99876943
1244630419	101253207	74317910
1244630419	96075882	83034234
1244630419	96075882	90636393
1244630419	90636393	83034234
1244630439	101253207	99876943
1244630439	101253207	104202328
1244630439	78577740	94699609
1244630439	77463647	100466766
1244630439	104202328	99876943
1244630439	96075882	90636393
1244630459	101253207	99876943
1244630459	101253207	104202328
1244630459	94175327	104398942
1244630459	77463647	100466766
1244630459	104202328	99876943
1244630479	77463647	100466766
1244630479	99876943	104202328
1244630479	104202328	101253207
1244630479	104398942	102695019
1244631119	97189975	73597033
1244631119	78970996	104398942
1244631119	104202328	94175327
1244631159	76087395	73269342
1244631179	76087395	73269342
1244631199	76087395	73269342
1244631219	76087395	73269342
1244631239	76087395	73269342
1244631259	78381156	86966379
1244631299	78381156	104202328
1244631299	78381156	86966379
1244631299	86966379	104202328
1244631399	76087395	73269342
1244631419	76087395	73269342
1244631459	76087395	73269342
1244631479	76087395	73269342
1244631779	104923250	95092808
1244631879	104923250	95092808
1244631879	76087395	73269342
1244631899	104923250	95092808
1244631899	76087395	73269342
1244631919	104923250	95092808
1244631919	76087395	73269342
1244631939	76087395	73269342
1244632039	104923250	95092808
1244632039	76087395	73269342
1244632059	104923250	95092808
1244632139	78577742	104202329
1244632159	78577742	104202329
1244632179	76087395	73269342
1244632239	76087395	73269342
1244632239	76087395	86966380
1244632259	104923250	95092808
1244632259	76087395	86966380
1244632299	104202329	78577742
1244632319	78577742	104202329
1244632339	104923250	95092808
1244632339	78577742	104202329
1244632359	104923250	95092808
1244632359	78577742	104202329
1244632379	104923250	95092808
1244632379	78577742	104202329
1244632399	104923250	95092808
1244632399	104202329	78577742
1244632419	104923250	95092808
1244632419	104202329	78577742
1244632439	104923250	95092808
1244632459	104923250	95092808
1244632479	104923250	95092808
1244632639	104923250	95092808
1244632699	73269343	104202330
1244632719	104923250	95092808
1244632719	73269343	104202330
1244632739	73269343	104202330
1244632779	104202330	73269343
1244632859	104923250	95092808
1244632859	78577743	73269343
1244632859	78577743	104202330
1244632879	78577743	104202330
1244632899	104202330	78577743
1244632919	78577743	104202330
1244632939	78577743	104202330
1244632939	78577743	73269343
1244632959	78577743	104202330
1244632979	78577743	104202330
1244632999	104923250	95092808
1244632999	104202330	73269343
1244633019	104923250	95092808
1244633019	78577743	104202330
1244633019	104202330	73269343
1244633039	78577743	104202330
1244633039	104202330	73269343
1244633059	104923250	95092808
1244633059	78577743	73269343
1244633079	104923250	95092808
1244633079	104202330	73269343
1244633099	104923250	95092808
1244633099	104202330	73269343
1244633119	104202330	73269343
1244633139	104923250	95092808
1244633139	104202330	73269343
1244633159	104202330	73269343
1244633199	73269343	104202330
1244633219	104923250	95092808
1244633239	104923250	95092808
1244633239	104202330	73269343
1244633259	104923250	95092808
1244633259	104202330	73269343
1244633279	104923250	95092808
1244633319	104923250	95092808
1244633339	104923250	95092808
1244633339	104202330	73269343
1244633379	104202330	73269343
1244633419	104202330	73269343
1244633439	104923250	95092808
1244633439	104202330	73269343
1244633459	73269343	104202330
1244633479	104923250	95092808
1244633479	104202330	73269343
1244633539	104923250	95092808
1244633539	104202330	73269343
1244633559	104923250	95092808
1244633579	104923250	95092808
1244633599	104923250	95092808
1244633639	104202330	73269343
1244633659	104923250	95092808
1244633679	104923250	95092808
1244633719	104923250	95092808
1244633739	104923250	95092808
1244633759	104923250	95092808
1244633779	104923250	95092808
1244633779	104202330	73269343
1244633799	104923250	95092808
1244633819	104923250	95092808
1244633959	104923250	95092808
1244634039	104923250	95092808
1244634059	104923250	95092808
1244634099	76087396	99876945
1244634159	104202330	73269343
1244634179	76087396	99876945
1244634179	104202330	73269343
1244634199	104202330	73269343
1244634259	104202330	73269343
1244634279	104202330	73269343
1244634299	104202330	73269343
1244634319	104923250	95092808
1244634319	104202330	73269343
1244634399	104923250	95092808
1244634419	104923250	95092808
1244634419	88604758	78577744
1244634419	104202330	73269343
1244634439	88604758	78577744
1244634439	104202330	73269343
1244634459	88604758	78577744
1244634479	88604758	78577744
1244634559	104923250	95092808
1244634579	104923250	95092808
1244634679	76087396	99876945
1244634719	104923250	95092808
1244634739	88604758	78577744
1244634759	104923250	95092808
1244634779	104202330	73269343
1244634799	104202330	73269343
1244634839	104923250	95092808
1244634839	76087396	99876945
1244634899	104923250	95092808
1244634919	104923250	95092808
1244634999	104923250	95092808
1244635019	104923250	95092808
1244635039	104923250	95092808
1244635079	88604758	78577744
1244635079	76087396	99876945
1244635159	88604758	78577744
1244635319	104923250	95092808
1244635379	76087396	99876945
1244635599	88604758	78577744
1244635799	88604758	78577744
1244636139	104923250	95092808
1244636139	76087397	99876946
1244636159	104923250	95092808
1244636159	76087397	99876946
1244636179	104923250	95092808
1244636179	76087397	99876946
1244636199	104923250	95092808
1244636199	76087397	99876946
1244636439	104923251	95092809
1244636439	104923251	73269344
1244636439	95092809	73269344
1244636459	104923251	95092809
1244636459	104923251	73269344
1244636459	95092809	73269344
1244636479	104923251	95092809
1244636479	104923251	73269344
1244636479	95092809	73269344
1244636499	104923251	95092809
1244636499	104923251	73269344
1244636499	95092809	73269344
1244636519	95092809	73269344
1244636559	104923251	73269344
1244636559	95092809	73269344
1244636579	104923251	95092809
1244636579	104923251	73269344
1244636579	95092809	73269344
1244636599	95092809	73269344
1244636639	95092809	73269344
1244636679	95092809	73269344
1244636699	95092809	73269344
1244636719	97189976	104398943
1244636739	97189976	74317911
1244636739	95092809	73269344
1244636739	74317911	104398943
1244636759	104923251	95092809
1244636759	97189976	104398943
1244636759	97189976	74317911
1244636759	95092809	73269344
1244636759	74317911	104398943
1244636779	104923251	95092809
1244636779	97189976	104398943
1244636779	97189976	74317911
1244636779	95092809	73269344
1244636799	97189976	74317911
1244636799	95092809	73269344
1244636819	97189976	74317911
1244636859	95092809	99876946
1244636859	76087397	99876946
1244636859	97189976	74317911
1244636879	104923251	95092809
1244636879	97189976	74317911
1244636899	97189976	74317911
1244636919	95092809	73269344
1244636939	73597034	102695022
1244636939	73597034	94175329
1244636939	73597034	94699610
1244636939	94699610	94175329
1244636939	97189976	74317911
1244636939	95092809	73269344
1244636959	95092809	73269344
1244636959	94699610	73597034
1244636959	94699610	94175329
1244636959	97189976	74317911
1244636959	73597034	94175329
1244636979	94699610	94175329
1244636979	97189976	74317911
1244636979	73597034	94175329
1244636999	73597034	94175329
1244636999	73597034	94699610
1244636999	97189976	74317911
1244637019	94699610	94175329
1244637039	94699610	94175329
1244637059	97189976	74317911
1244637079	104923251	95092809
1244637079	94699610	74317911
1244637079	97189976	74317911
1244637099	97189976	74317911
1244637119	73597034	94699610
1244637119	95092809	73269344
1244637119	74317911	97189976
1244637139	94699610	101253209
1244637139	94699610	94175329
1244637139	101253209	78970997
1244637159	101253209	78970997
1244637159	95092809	73269344
1244637159	74317911	97189976
1244637179	104923251	95092809
1244637179	73597034	94699610
1244637179	88604758	78577744
1244637179	101253209	78970997
1244637179	74317911	97189976
1244637199	104923251	95092809
1244637199	97189976	74317911
1244637199	94699610	94175329
1244637199	88604758	78577744
1244637199	101253209	78970997
1244637219	104923251	95092809
1244637219	94699610	94175329
1244637219	101253209	78970997
1244637219	97189976	74317911
1244637219	73597034	94175329
1244637239	104923251	95092809
1244637239	104923251	73269344
1244637239	95092809	73269344
1244637239	94699610	73269344
1244637239	101253209	78970997
1244637239	97189976	104398943
1244637239	97189976	74317911
1244637239	74317911	78970997
1244637239	73597034	94175329
1244637259	104923251	95092809
1244637259	104923251	73269344
1244637259	104923251	102695022
1244637259	73597034	78970997
1244637259	95092809	73269344
1244637259	74317911	97189976
1244637259	78970997	101253209
1244637279	73597034	101253209
1244637279	73597034	94175329
1244637279	73597034	78970997
1244637279	94699610	101253209
1244637279	94699610	78970997
1244637279	94699610	94175329
1244637279	97189976	74317911
1244637279	78970997	101253209
1244637279	78970997	94175329
1244637299	73597034	101253209
1244637299	73597034	78970997
1244637299	94699610	101253209
1244637299	94699610	94175329
1244637299	94699610	78970997
1244637299	101253209	78970997
1244637299	97189976	74317911
1244637299	74317911	104398943
1244637299	99876946	76087397
1244637319	73597034	101253209
1244637319	73597034	78970997
1244637319	94699610	101253209
1244637319	94699610	94175329
1244637319	101253209	94175329
1244637319	97189976	74317911
1244637319	78970997	94175329
1244637339	73597034	101253209
1244637339	94699610	101253209
1244637339	94699610	94175329
1244637339	88604758	78577744
1244637339	101253209	94175329
1244637359	73597034	101253209
1244637359	73597034	78970997
1244637359	73597034	94699610
1244637359	94699610	101253209
1244637359	94699610	78970997
1244637359	78970997	101253209
1244637379	73597034	94175329
1244637399	73597034	94699610
1244637399	88604758	78577744
1244637419	73597034	94699610
1244637439	73597034	94699610
1244637459	73597034	94699610
1244637459	97189976	104398943
1244637479	73597034	94699610
1244637479	73597034	94175329
1244637479	94699610	94175329
1244637479	97189976	104398943
1244637499	73597034	94699610
1244637499	73597034	94175329
1244637499	97189976	104398943
1244637499	97189976	74317911
1244637519	73597034	94699610
1244637519	97189976	101253209
1244637519	97189976	78970997
1244637519	97189976	74317911
1244637519	74317911	101253209
1244637519	78970997	101253209
1244637519	101253209	104398943
1244637539	73597034	94699610
1244637539	101253209	78970997
1244637559	73597034	94699610
1244637599	101253209	97189976
1244637599	101253209	78970997
1244637619	73597034	94699610
1244637619	73597034	94175329
1244637619	101253209	78970997
1244637639	94699610	94175329
1244637639	78970997	101253209
1244637659	73597034	94175329
1244637659	94699610	94175329
1244637659	97189976	74317911
1244637679	73597034	94175329
1244637679	94699610	94175329
1244637679	97189976	104398943
1244637699	101253209	78970997
1244637719	73597034	94699610
1244637719	94699610	94175329
1244637719	101253209	78970997
1244637719	97189976	74317911
1244637739	73597034	94175329
1244637739	73597034	94699610
1244637739	78970997	101253209
1244637759	73597034	94699610
1244637759	73597034	94175329
1244637759	94699610	94175329
1244637779	104923252	100466767
1244637779	94699610	94175329
1244637779	95092810	73269345
1244637779	78970997	101253209
1244637779	100466767	73269345
1244637799	104923252	95092810
1244637799	104923252	73269345
1244637799	73597034	94699610
1244637799	73597034	94175329
1244637799	97189976	74317911
1244637799	100466767	95092810
1244637799	100466767	73269345
1244637819	104923252	73269345
1244637819	73597034	94175329
1244637819	74317911	97189976
1244637819	78970997	101253209
1244637839	94503000	102695022
1244637839	73597034	94175329
1244637839	73597034	94699610
1244637839	73597034	78970997
1244637839	101253209	99876946
1244637839	101253209	78970997
1244637839	74317911	97189976
1244637839	99876946	78970997
1244637859	94503000	96993375
1244637859	94699610	94175329
1244637859	78970997	101253209
1244637879	73597034	94699610
1244637879	94699610	94175329
1244637879	96993375	75104349
1244637879	78970997	101253209
1244637899	73597034	94699610
1244637899	94699610	94175329
1244637899	97189976	104398943
1244637899	99876946	73269345
1244637919	73597034	94175329
1244637919	73597034	94699610
1244637919	101253209	78970997
1244637919	104398943	97189976
1244637939	104923252	95092810
1244637939	73597034	94699610
1244637939	94699610	94175329
1244637939	97189976	104398943
1244637939	97189976	74317911
1244637939	78970997	101253209
1244637959	73597034	94175329
1244637959	94699610	94175329
1244637959	101253209	78970997
1244637959	97189976	104398943
1244637959	97189976	74317911
1244637959	74317911	104398943
1244637979	99876946	76087397
1244637999	88604758	78577744
1244637999	101253209	78970997
1244638019	73597034	94699610
1244638019	94699610	94175329
1244638019	78577744	78970997
1244638019	88604758	78970997
1244638039	73597034	94699610
1244638039	73597034	94175329
1244638039	94699610	94175329
1244638039	96993375	75104349
1244638039	97189976	74317911
1244638039	88604758	78577744
1244638039	78970997	78577744
1244638059	73597034	94699610
1244638059	101253209	78970997
1244638059	97189976	74317911
1244638059	96993375	75104349
1244638079	101253209	78970997
1244638099	96993375	75104349
1244638119	73597034	94699610
1244638119	73597034	73269345
1244638119	73597034	94175329
1244638119	94699610	94175329
1244638139	104923252	73269345
1244638139	73597034	94175329
1244638139	94699610	94175329
1244638139	101253209	78970997
1244638159	104923252	73269345
1244638159	101253209	78970997
1244638179	101253209	78970997
1244638199	73597034	94175329
1244638199	101253209	78970997
1244638219	101253209	78970997
1244638239	73597034	94699610
1244638239	101253209	78970997
1244638259	73597034	94699610
1244638259	73597034	94175329
1244638259	101253209	78970997
1244638259	97189976	74317911
1244638279	104923252	100466767
1244638279	94503000	75104349
1244638279	73597034	94699610
1244638279	94699610	94175329
1244638279	101253209	104398943
1244638279	101253209	97189976
1244638279	101253209	78970997
1244638279	97189976	74317911
1244638279	95092810	73269345
1244638299	104923252	95092810
1244638299	94503000	75104349
1244638299	73597034	94699610
1244638299	101253209	78970997
1244638299	95092810	73269345
1244638319	104923252	73269345
1244638319	101253209	78970997
1244638339	104923252	73269345
1244638339	94503000	75104349
1244638339	101253209	78970997
1244638359	104923252	73269345
1244638359	95092810	73269345
1244638359	97189976	104398943
1244638379	97189976	104398943
1244638379	101253209	78970997
1244638399	104923252	73269345
1244638399	97189976	104398943
1244638399	97189976	74317911
1244638399	94699610	73597034
1244638399	94699610	94175329
1244638399	73597034	94175329
1244638419	73597034	94175329
1244638419	73597034	94699610
1244638439	73597034	94699610
1244638439	73597034	94175329
1244638439	94699610	94175329
1244638439	97189976	74317911
1244638459	73597034	94699610
1244638459	94699610	94175329
1244638459	97189976	74317911
1244638479	73597034	94175329
1244638499	97189976	99876947
1244638499	97189976	74317911
1244638519	104923252	73269345
1244638519	73597034	94699610
1244638519	88604758	78577744
1244638519	97189976	99876947
1244638519	97189976	74317911
1244638519	74317911	99876947
1244638519	100466767	73269345
1244638539	73597034	94699610
1244638539	97189976	74317911
1244638539	74317911	99876947
1244638559	97189976	99876947
1244638559	97189976	74317911
1244638559	94699610	73597034
1244638559	100466767	95092810
1244638559	100466767	73269345
1244638559	95092810	73269345
1244638559	78970997	101253209
1244638579	104923252	73269345
1244638579	73597034	94175329
1244638579	73597034	94699610
1244638579	101253209	78970997
1244638579	97189976	104398943
1244638579	97189976	99876947
1244638579	97189976	74317911
1244638579	74317911	104398943
1244638579	74317911	99876947
1244638579	100466767	73269345
1244638599	104923252	95092810
1244638599	73597034	94699610
1244638599	97189976	99876947
1244638599	74317911	104398943
1244638599	74317911	99876947
1244638599	95092810	73269345
1244638599	99876947	104398943
1244638599	100466767	73269345
1244638619	97189976	104398943
1244638619	97189976	99876947
1244638619	94699610	73597034
1244638619	95092810	73269345
1244638619	74317911	104398943
1244638619	74317911	99876947
1244638619	78577744	88604758
1244638619	78970997	101253209
1244638639	104923252	95092810
1244638639	73597034	94699610
1244638639	73597034	94175329
1244638639	101253209	78970997
1244638639	95092810	73269345
1244638639	74317911	99876947
1244638639	99876947	97189976
1244638659	97189976	99876947
1244638659	97189976	74317911
1244638659	94699610	73597034
1244638659	99876947	104398943
1244638679	104923252	95092810
1244638679	104923252	73269345
1244638679	101253209	78970997
1244638679	97189976	99876947
1244638679	97189976	74317911
1244638679	95092810	73269345
1244638699	104923252	95092810
1244638699	104923252	100466767
1244638699	95092810	73269345
1244638699	97189976	99876947
1244638719	104923252	95092810
1244638719	104923252	100466767
1244638719	94503000	96993375
1244638719	73597034	94699610
1244638719	94699610	94175329
1244638719	88604758	78577744
1244638719	101253209	78970997
1244638719	97189976	104398943
1244638719	97189976	99876947
1244638719	99876947	104398943
1244638739	104923252	95092810
1244638739	104923252	100466767
1244638739	104923252	73269345
1244638739	95092810	73269345
1244638739	94699610	94175329
1244638739	94175329	73597034
1244638739	88604758	78577744
1244638759	73597034	94175329
1244638759	94699610	88604758
1244638759	94699610	94175329
1244638759	94699610	78577744
1244638779	94503000	96075883
1244638779	73597034	94175329
1244638779	73597034	94699610
1244638779	94699610	94175329
1244638799	97189976	99876947
1244638799	97189976	74317911
1244638799	74317911	99876947
1244638799	95092810	73269345
1244638819	74317911	97189976
1244638819	74317911	99876947
1244638819	99876947	97189976
1244638839	94175329	73597034
1244638839	78970997	96403541
1244638839	104398943	99876947
1244638839	97189976	99876947
1244638839	74317911	99876947
1244638859	88604758	78970997
1244638859	88604758	78577744
1244638859	74317911	99876947
1244638859	99876947	104398943
1244638859	78970997	96403541
1244638859	78970997	78577744
1244638859	78577744	96403541
1244638879	94503000	75104349
1244638879	73597034	94175329
1244638879	88604758	78577744
1244638879	74317911	99876947
1244638879	78970997	78577744
1244638899	94503000	75104349
1244638899	96993375	75104349
1244638899	74317911	99876947
1244638899	99876947	104398943
1244638919	94503000	75104349
1244638919	73597034	94175329
1244638919	74317911	99876947
1244638919	78970997	96403541
1244638939	99876947	97189976
1244638959	94503000	96993375
1244638959	96993375	75104349
1244638959	97189976	99876947
1244638959	74317911	99876947
1244638959	78970997	96403541
1244638979	99876947	97189976
1244638999	104923252	100466767
1244638999	104923252	73269345
1244638999	73597034	94175329
1244638999	97189976	99876947
1244638999	97189976	74317911
1244638999	74317911	99876947
1244638999	95092810	73269345
1244638999	78970997	96403541
1244639019	104923252	95092810
1244639019	74317911	97189976
1244639019	74317911	99876947
1244639019	96403541	78970997
1244639019	99876947	97189976
1244639039	97189976	104398943
1244639039	97189976	99876947
1244639039	97189976	74317911
1244639039	74317911	104398943
1244639039	74317911	99876947
1244639059	97189976	99876947
1244639099	73597034	94175329
1244639099	73597034	94699610
1244639099	94699610	94175329
1244639119	73597034	94175329
1244639119	73597034	94699610
1244639119	94699610	94175329
1244639119	95092810	73269345
1244639139	73597034	84476002
1244639139	94699610	84476002
1244639139	100466767	73269345
1244639159	94699610	84476002
1244639159	94699610	94175329
1244639199	104923252	100466767
1244639199	94503000	96993375
1244639199	73597034	94699610
1244639199	76087398	96075883
1244639199	95092810	73269345
1244639199	78970997	96403541
1244639219	73597034	94699610
1244639219	73597034	94175329
1244639219	94699610	94175329
1244639219	78970997	96403541
1244639239	95092810	73269345
1244639259	94503000	96993375
1244639259	94503000	75104349
1244639259	96993375	75104349
1244639279	73597034	94699610
1244639279	96993375	75104349
1244639279	78970997	96403541
1244639299	104923252	100466767
1244639299	73597034	94699610
1244639319	104923252	100466767
1244639319	73597034	94699610
1244639319	73597034	94175329
1244639319	94699610	94175329
1244639339	104923252	100466767
1244639339	73597034	94699610
1244639359	104923252	100466767
1244639359	73597034	94699610
1244639399	73597034	94699610
1244639399	94699610	94175329
1244639399	78970997	96403541
1244639439	104923252	73269345
1244639439	94699610	94175329
1244639479	104923252	100466767
1244639479	94503000	75104349
1244639479	95092810	73269345
1244639479	78970997	96403541
1244639479	75104349	94175329
1244639499	104923252	100466767
1244639499	104923252	73269345
1244639499	73597034	94699610
1244639499	94699610	94175329
1244639499	95092810	73269345
1244639519	73597034	94699610
1244639519	96993375	75104349
1244639519	95092810	73269345
1244639519	78970997	96403541
1244639539	78970997	96403541
1244639559	94699610	104202331
1244639579	104202331	94175329
1244639599	94699610	94175329
1244639599	78970997	96403541
1244639619	94175329	96403541
1244639639	94699610	94175329
1244639659	94699610	94175329
1244639679	94699610	94175329
1244639699	78970997	96403541
1244639719	78970997	96403541
1244639739	94699610	94175329
1244639759	94699610	94175329
1244639779	94699610	94175329
1244639779	78970997	104202331
1244639779	104202331	96403541
1244639799	94699610	94175329
1244639799	78970997	104202331
1244639839	78970997	104202331
1244639859	78970997	104202331
1244639879	78970997	104202331
1244639899	94699610	94175329
1244639919	73597034	94699610
1244639919	73597034	94175329
1244640019	94503000	75104349
1244640059	73597034	94175329
1244640079	73597034	94175329
1244640099	73597034	94699610
1244640099	73597034	94175329
1244640099	78970997	96403541
1244640119	96993375	75104349
1244640119	78970997	96403541
1244640139	94699610	94175329
1244640159	73597034	94699610
1244640159	73597034	94175329
1244640199	94699610	94175329
1244640219	73597034	94699610
1244640219	73597034	94175329
1244640219	94699610	94175329
1244640239	73597034	94699610
1244640239	73597034	94175329
1244640239	94699610	75104349
1244640239	94699610	94175329
1244640239	95092811	96075884
1244640239	78970997	96403541
1244640259	94503000	96993375
1244640259	95092811	96075884
1244640279	95092811	96075884
1244640279	78970997	96403541
1244640299	95092811	96075884
1244640319	95092811	96075884
1244640319	95092811	97189977
1244640319	96993375	75104349
1244640319	78970997	96403541
1244640339	95092811	96075884
1244640339	78970997	96403541
1244640359	94503000	75104349
1244640359	73597034	94175329
1244640359	97189977	96075884
1244640359	95092811	96075884
1244640359	78970997	96403541
1244640379	73597034	94699610
1244640379	95092811	96075884
1244640379	95092811	75104349
1244640399	94503000	96993375
1244640399	95092811	96075884
1244640419	73597034	94699610
1244640419	94699610	94175329
1244640439	73597034	94699610
1244640439	94699610	104202331
1244640439	95092811	96075884
1244640439	78970997	96403541
1244640459	73597034	94699610
1244640459	73597034	104202331
1244640459	94699610	104202331
1244640459	95092811	96075884
1244640479	73597034	94699610
1244640479	73597034	104202331
1244640479	94699610	104202331
1244640499	73597034	94699610
1244640499	94699610	104202331
1244640499	78970997	96403541
1244640539	95092811	96075884
1244640559	73597034	96075884
1244640559	73597034	94175329
1244640559	73597034	94699610
1244640559	97189977	96075884
1244640559	78970997	96403541
1244640579	73597034	94699610
1244640579	95092811	96075884
1244640579	78970997	96403541
1244640599	97189977	95092811
1244640599	95092811	96075884
1244640639	97189977	96075884
1244640679	95092811	96075884
1244640699	95092811	96075884
1244640719	95092811	96075884
1244640719	96075884	97189977
1244640739	95092811	97189977
1244640759	73597034	94175329
1244640759	94699610	94175329
1244640759	78970997	96403541
1244640779	73597034	94699610
1244640779	73597034	94175329
1244640779	94699610	94175329
1244640779	78970997	96403541
1244640839	95092811	96075884
1244640919	97189977	95092811
1244641079	95092811	96075884
1244641079	78970997	96075884
1244641099	95092811	96403541
1244641119	78970997	96403541
1244641159	78970997	104202331
1244641159	78970997	96403541
1244641159	104202331	96403541
1244641299	95092811	96075884
1244641319	96075884	95092811
1244641379	78970997	96075884
1244641379	78970997	96403541
1244641399	95092811	96075884
1244641399	78970997	96075884
1244641419	78970997	96403541
1244641459	78970997	96403541
1244641519	78970997	96403541
1244641519	100466768	100597848
1244641539	95092811	96075884
1244641539	100466768	100597848
1244641579	100597848	100466768
1244641619	78970997	96403541
1244641639	95092811	96075884
1244641639	95092811	100466768
1244641639	78970997	96403541
1244641639	100597848	100466768
1244641699	97189977	96075884
1244641699	78970997	96403541
1244641719	95092811	96075884
1244641719	95092811	97189977
1244641719	97189977	96075884
1244641719	78970997	96403541
1244641739	97189977	96075884
1244641739	97189977	95092811
1244641739	95092811	96075884
1244641739	100597848	100466768
1244641799	100466768	100597848
1244641819	100597848	100466768
1244641819	78970997	96403541
1244641839	78970997	96403541
1244641859	78970997	96403541
1244641939	78970997	96403541
1244641959	100597848	100466768
1244641979	100466768	100597848
1244641999	78970997	96403541
1244642019	78970997	96403541
1244642039	78970997	96403541
1244642059	78970997	96403541
1244642059	100466768	100597848
1244642079	78970997	96403541
1244642079	100466768	100597848
1244642099	100466768	100597848
1244642119	100466768	100597848
1244642139	100466768	100597848
1244642159	100466768	100597848
1244642219	100466768	100597848
1244642259	100466768	100597848
1244642279	100466768	100597848
1244642299	100466768	100597848
1244642379	100466768	100597848
1244642439	95092812	100466768
1244642439	95092812	100597848
1244642439	100466768	100597848
1244642459	95092812	100597848
1244642459	100466768	100597848
1244642479	100466768	100597848
1244642599	104202332	100597849
1244642619	104202332	100597849
1244642619	104202332	96403542
1244642619	100597849	96403542
1244642659	104202332	100597849
1244642699	104202332	100597849
1244642699	100597849	96403542
1244642719	96403542	100597849
1244642719	104202332	100597849
1244642759	104202332	96403542
1244642799	104202332	96403542
1244642799	96403542	100597849
1244642879	104202332	100597849
1244642879	104202332	96403542
1244642899	104202332	96403542
1244642939	104202332	96075885
1244642939	96075885	96403542
1244642939	100597849	96403542
1244642979	104202332	96403542
1244642979	96403542	100597849
1244643019	96403542	100597849
1244643039	104202332	100597849
1244643039	104202332	96403542
1244643039	96403542	100597849
1244643099	96403542	100597849
1244643119	104202332	100597849
1244643119	96403542	100597849
1244643159	100597849	96403542
1244643179	104202332	100597849
1244643179	104202332	96403542
1244643199	104202332	96403542
1244643219	104202332	96403542
1244643219	104202332	100597849
1244643219	100597849	96403542
1244643239	104202332	100597849
1244643239	100597849	96403542
1244643259	104202332	100597849
1244643259	96403542	100597849
1244643359	96403542	100597849
1244643379	100597849	96403542
1244643379	104202332	96403542
1244643399	100597849	96403542
1244643399	104202332	96403542
1244643419	100597849	96403542
1244643419	104202332	96403542
1244643439	96403542	100597849
1244643499	104202332	96403542
1244643499	100597849	96403542
1244643519	104202332	96403542
1244643519	104202332	100597849
1244643539	104202332	100597849
1244643559	104202332	96403542
1244643559	100597849	96403542
1244643619	100597849	96403542
1244643659	104202332	100597849
1244643679	104202332	100597849
1244643779	104202332	100597849
1244643779	100597849	96403542
1244643799	100597849	96403542
1244643819	104202332	100597849
1244643819	100597849	96403542
1244643839	100597849	96403542
1244643859	100597849	104202332
1244643879	96403542	104202332
1244643879	104202332	100597849
1244643899	100597849	104202332
1244643899	100597849	96403542
1244643899	96403542	104202332
1244643919	100597849	104202332
1244643919	100597849	96403542
1244643919	96403542	104202332
1244643939	96403542	104202332
1244643939	100597849	104202332
1244643959	96403542	104202332
1244643959	96403542	100597849
1244643959	100597849	104202332
1244643979	96403542	104202332
1244643979	100597849	104202332
1244643999	96403542	104202332
1244643999	100597849	104202332
1244644019	100597849	96403542
1244644039	96403542	104202332
1244644039	96403542	100597849
1244644059	100597849	96403542
1244644059	104202332	96403542
1244644079	100597849	104202332
1244644099	104202332	100597849
1244644099	104202332	96403542
1244644099	96403542	100597849
1244644119	104202332	100597849
1244644119	104202332	96403542
1244644119	100597849	96403542
1244644139	104202332	96403542
1244644139	104202332	100597849
1244644139	100597849	96403542
1244644159	104202332	96403542
1244644179	96403542	104202332
1244644179	104202332	100597849
1244644199	95092813	102695023
1244644199	104202332	100597849
1244644199	96403542	100597849
1244644219	95092813	102695023
1244644219	104202332	100597849
1244644239	95092813	102695023
1244644259	96403542	104202332
1244644259	96403542	100597849
1244644259	104202332	100597849
1244644279	95092813	102695023
1244644279	104202332	96403542
1244644279	104202332	100597849
1244644279	100597849	96403542
1244644299	104202332	96403542
1244644299	104202332	100597849
1244644299	100597849	96403542
1244644319	95092813	102695023
1244644319	96403542	104202332
1244644319	96403542	100597849
1244644319	104202332	100597849
1244644339	104202332	96403542
1244644339	104202332	100597849
1244644339	100597849	96403542
1244644359	104202332	100597849
1244644359	104202332	96403542
1244644359	100597849	96403542
1244644379	104202332	96403542
1244644379	96403542	100597849
1244644399	96403542	104202332
1244644399	104202332	100597849
1244644419	96403542	104202332
1244644419	96403542	100597849
1244644439	95092813	102695023
1244644439	96403542	104202332
1244644459	95092813	102695023
1244644459	104202332	96403542
1244644459	100597849	96403542
1244644479	104202332	100597849
1244644479	104202332	96403542
1244644479	100597849	96403542
1244644499	104202332	96403542
1244644499	96403542	100597849
1244644519	104202332	96403542
1244644519	96403542	100597849
1244644539	104202332	96403542
1244644539	96403542	100597849
1244644559	96403542	100597849
1244644579	104202332	96403542
1244644579	100597849	96403542
1244644599	104202332	96403542
1244644619	95092813	102695023
1244644619	96403542	104202332
1244644619	104202332	100597849
1244644639	104202332	100597849
1244644659	95092813	102695023
1244644659	104202332	100597849
1244644659	104202332	96403542
1244644659	100597849	96403542
1244644679	95092813	102695023
1244644679	104202332	100597849
1244644679	104202332	96403542
1244644679	100597849	96403542
1244644699	104202332	96403542
1244644699	100597849	96403542
1244644719	104202332	100597849
1244644719	96403542	100597849
1244644739	96403542	100597849
1244644759	95092813	102695023
1244644759	104202332	96403542
1244644759	96403542	100597849
1244644779	95092813	102695023
1244644779	104202332	100597849
1244644779	104202332	96403542
1244644779	100597849	96403542
1244644799	104202332	100597849
1244644799	96403542	100597849
1244644819	95092813	102695023
1244644839	100597849	96403542
1244644899	104202332	100597849
1244644919	96403542	104202332
1244644939	104202332	96403542
1244644959	96403542	104202332
1244644959	96403542	100597849
1244644959	104202332	100597849
1244644979	96403542	100597849
1244644979	104202332	100597849
1244645019	96403542	100597849
1244645019	104202332	100597849
1244645039	104202332	100597849
1244645039	104202332	96403542
1244645039	100597849	96403542
1244645059	104202332	96403542
1244645059	104202332	100597849
1244645059	100597849	96403542
1244645079	104202332	100597849
1244645079	104202332	96403542
1244645079	100597849	96403542
1244645099	104202332	96403542
1244645099	104202332	100597849
1244645099	96403542	100597849
1244645119	96403542	104202332
1244645119	96403542	100597849
1244645139	104202332	96403542
1244645139	104202332	100597849
1244645139	96403542	100597849
1244645159	104202332	96403542
1244645159	104202332	100597849
1244645159	100597849	96403542
1244645179	104202332	96403542
1244645179	104202332	100597849
1244645179	100597849	96403542
1244645199	96403542	104202332
1244645199	96403542	100597849
1244645199	104202332	100597849
1244645219	95092813	96403542
1244645219	96403542	104202332
1244645219	96403542	100597849
1244645219	104202332	100597849
1244645239	104202332	100597849
1244645239	100597849	96403542
1244645259	104202332	96403542
1244645259	104202332	100597849
1244645259	100597849	96403542
1244645279	96403542	104202332
1244645279	104202332	100597849
1244645299	96403542	104202332
1244645299	96403542	100597849
1244645299	104202332	100597849
1244645319	104202332	96403542
1244645319	104202332	100597849
1244645319	96403542	100597849
1244645339	104202332	100597849
1244645339	104202332	96403542
1244645339	96403542	100597849
1244645359	104202332	100597849
1244645379	104202332	96403542
1244645379	104202332	100597849
1244645379	96403542	100597849
1244645399	95092813	102695023
1244645399	104202332	100597849
1244645399	104202332	96403542
1244645399	96403542	100597849
1244645419	95092813	102695023
1244645419	104202332	100597849
1244645419	104202332	96403542
1244645439	95092813	102695023
1244645439	104202332	100597849
1244645439	104202332	96403542
1244645459	95092813	102695023
1244645459	104202332	100597849
1244645459	104202332	96403542
1244645459	100597849	96403542
1244645479	104202332	96403542
1244645479	104202332	100597849
1244645499	104202332	100597849
1244645499	104202332	96403542
1244645499	100597849	96403542
1244645519	104202332	100597849
1244645519	104202332	96403542
1244645519	96403542	100597849
1244645539	104202332	96403542
1244645539	104202332	100597849
1244645539	100597849	96403542
1244645559	104202332	96403542
1244645579	104202332	96403542
1244645579	100597849	96403542
1244645599	104202332	96403542
1244645619	104202332	100597849
1244645619	104202332	96403542
1244645639	104202332	96403542
1244645639	104202332	100597849
1244645659	104202332	100597849
1244645659	104202332	96403542
1244645679	104202332	100597849
1244645679	104202332	96403542
1244645699	96403542	104202332
1244645699	96403542	100597849
1244645719	104202332	96403542
1244645739	104202332	96403542
1244645759	104202332	96403542
1244645759	104202332	100597849
1244645779	104202332	100597849
1244645779	96403542	100597849
1244645799	96403542	104202332
1244645799	96403542	100597849
1244645799	104202332	100597849
1244645819	104202332	100597849
1244645819	104202332	96403542
1244645819	100597849	96403542
1244645839	104202332	96403542
1244645839	96403542	100597849
1244645859	104202332	96403542
1244645879	104202332	96403542
1244645879	104202332	100597849
1244645899	104202332	96403542
1244645919	104202332	96403542
1244645979	96403542	104202332
1244646019	104202332	96403542
1244646039	104202332	96403542
1244646039	104202332	100597849
1244646039	100597849	96403542
1244646139	104202332	100597849
1244646159	96403542	100597849
1244646159	104202332	100597849
1244646379	104202333	96403543
1244646399	96403543	104202333
1244646419	104202333	96403543
1244646439	96075885	96403543
1244646519	104202333	96403543
1244646659	104202333	96403543
1244646679	104202333	96403543
1244646699	104202333	96403543
1244646919	90505328	104202333
1244647239	104202333	96403543
1244647259	104202333	96403543
1244647319	104202333	96403543
1244647339	104202333	96403543
1244647479	104202333	96403543
1244647579	77267058	98304092
1244647599	77267058	98304092
1244647619	77267058	98304092
1244647639	96403543	104202333
1244647639	77267058	98304092
1244647659	96403543	104202333
1244647679	96403543	104202333
1244647699	96403543	104202333
1244647719	96403543	104202333
1244647719	77267058	98304092
1244647739	77267058	98304092
1244647819	104202333	96403543
1244647819	77267058	98304092
1244647839	96403543	104202333
1244647839	77267058	98304092
1244647859	77267058	98304092
1244647879	96403543	104202333
1244647879	77267058	98304092
1244647899	96403543	104202333
1244647899	77267058	98304092
1244647919	96403543	104202333
1244647919	77267058	98304092
1244647939	104202333	96403543
1244647959	96403543	104202333
1244647979	104202333	96403543
1244647999	104202333	96403543
1244648019	104202333	96403543
1244648039	104202333	96403543
1244648059	104202333	96403543
1244648079	104202333	96403543
1244648099	104202333	96403543
1244648119	98631765	102695025
1244648119	74776681	102695025
1244648139	98631765	102695025
1244648139	74776681	102695025
1244648159	77267058	98304092
1244648179	74776681	102695025
1244648199	77267058	98304092
1244648259	74776681	102695025
1244648279	74776681	102695025
1244648279	104202333	96403543
1244648299	96403543	104202333
1244648299	74776681	102695025
1244648319	74776681	102695025
1244648319	104202333	96403543
1244648339	74776681	102695025
1244648339	104202333	96403543
1244648359	74776681	102695025
1244648359	104202333	96403543
1244648379	74776681	102695025
1244648379	104202333	96403543
1244648399	74776681	102695025
1244648419	74776681	102695025
1244648439	74776681	102695025
1244648459	74776681	102695025
1244648479	77267058	98304092
1244648479	74776681	102695025
1244648499	74776681	102695025
1244648519	74776681	102695025
1244648539	74776681	102695025
1244648559	74776681	102695025
1244648639	74776681	102695025
1244648819	74776681	102695025
1244648839	74776681	102695025
1244648859	74776681	102695025
1244648879	74776681	102695025
1244648939	74776681	102695025
1244648959	77267058	98304092
1244649099	83034235	78905434
1244649099	74776681	102695025
1244649119	78446684	83034235
1244649119	78446684	78905434
1244649119	78446684	96141407
1244649119	83034235	78905434
1244649119	78905434	96141407
1244649119	74776681	102695025
1244649139	78446684	96141407
1244649139	78446684	78905434
1244649139	78446684	83034235
1244649139	83034235	96141407
1244649139	83034235	78905434
1244649139	78905434	96141407
1244649139	74776681	102695025
1244649159	74776681	102695025
1244649199	83034235	78905434
1244649199	78905434	102695025
1244649219	77267058	98304092
1244649239	77267058	98304092
1244649279	78905434	102695025
1244649299	74776681	102695025
1244649319	74776681	102695025
1244649339	77267058	98304092
1244649339	83034235	78905434
1244649359	74776681	102695025
1244649379	83034235	78905434
1244649419	74776681	102695025
1244649439	74776681	102695025
1244649579	78446684	78905434
1244649599	78446684	78905434
1244649639	78446684	96141407
1244649639	78446684	78905434
1244649639	78446684	83034235
1244649639	83034235	96141407
1244649659	78446684	78905434
1244649659	83034235	96141407
1244649659	78905434	96141407
1244649679	83034235	96141407
1244649699	78446684	78905434
1244649779	78446684	78905434
1244649799	78905434	78446684
1244649879	78446684	83034235
1244649879	83034235	78905434
1244649919	83034235	78905434
1244649939	78905434	96141407
1244649959	78446684	83034235
1244649959	78446684	78905434
1244649959	83034235	96141407
1244649959	83034235	78905434
1244649979	83034235	96141407
1244649979	78905434	96141407
1244649999	78446684	78905434
1244649999	83034235	96141407
1244649999	83034235	78905434
1244650019	78446684	96141407
1244650019	78446684	78905434
1244650019	83034235	78905434
1244650039	78446684	96141407
1244650039	83034235	78905434
1244650099	83034235	78905434
1244650119	83034235	78905434
1244650139	78446684	83034235
1244650139	78446684	78905434
1244650159	83034235	78905434
1244650179	83034235	96141407
1244650219	78905434	96141407
1244650239	83034235	78905434
1244650259	78446684	78905434
1244650339	78905434	78446684
1244650399	78446684	83034235
1244650419	78446684	78905434
1244650419	83034235	78905434
1244650419	78905434	96141407
1244650439	78446684	78905434
1244650459	83034235	78905434
1244650459	78905434	96141407
1244650479	78446684	96141407
1244650479	78446684	78905434
1244650479	83034235	78905434
1244650499	78446684	78905434
1244650519	77267058	98304092
1244650519	83034235	96141407
1244650539	83034235	78905434
1244650559	83034235	96141407
1244650559	83034235	78905434
1244650599	78446684	96141407
1244650619	78446684	83034235
1244650619	78446684	78905434
1244650619	83034235	78905434
1244650639	78446684	78905434
1244650639	83034235	78905434
1244650659	78446684	78905434
1244650659	83034235	96141407
1244650659	78905434	96141407
1244650679	78446684	96141407
1244650679	78446684	78905434
1244650679	78446684	83034235
1244650679	83034235	96141407
1244650679	83034235	78905434
1244650679	78905434	96141407
1244650699	78446684	83034235
1244650699	78446684	78905434
1244650699	83034235	78905434
1244650719	78905434	78446684
1244650739	78446684	78905434
1244650739	83034235	78905434
1244650759	78446684	78905434
1244650759	83034235	78905434
1244650779	77267058	98304092
1244650779	78446684	78905434
1244650779	83034235	78905434
1244650799	78446684	83034235
1244650799	78446684	78905434
1244650799	78446684	96141407
1244650799	83034235	96141407
1244650799	83034235	78905434
1244650799	78905434	96141407
1244650919	77267058	98304092
1244650959	77267058	98304092
1244650999	77267058	98304092
1244651019	77267058	98304092
1244651079	77267058	98304092
1244651119	77267058	98304092
1244651139	77267058	98304092
1244651159	77267058	98304092
1244651179	77267058	98304092
1244651199	77267058	98304092
1244651219	77267058	98304092
1244651239	77267058	98304092
1244651259	77267058	98304092
1244651279	77267058	98304092
1244651299	77267058	98304092
1244651319	77267058	98304092
1244651339	77267058	98304092
1244651359	77267058	98304092
1244651459	77267058	98304092
1244651499	77267058	98304092
1244651579	77267058	98304092
1244651639	77267058	98304092
1244651659	77267058	98304092
1244651699	77267058	98304092
1244651719	77267058	98304092
1244651859	98631766	104202334
1244651879	98631766	104202334
1244651879	98631766	96403544
1244651879	104202334	96403544
1244651959	98631766	96403544
1244651959	104202334	96403544
1244651979	98631766	104202334
1244651979	98631766	96403544
1244651979	104202334	96403544
1244651999	98631766	104202334
1244651999	98631766	96403544
1244651999	104202334	96403544
1244652019	98631766	104202334
1244652019	104202334	96403544
1244652039	104202334	96403544
1244652059	104202334	96403544
1244652099	104202334	96403544
1244652119	104202334	96403544
1244652139	104202334	96403544
1244652159	104202334	96403544
1244652179	98631766	96403544
1244652199	98631766	96403544
1244652219	104202334	96403544
1244652239	104202334	96403544
1244652259	98631766	104202334
1244652259	98631766	96403544
1244652259	104202334	96403544
1244652279	98631766	104202334
1244652279	104202334	96403544
1244652299	98631766	96403544
1244652299	104202334	96403544
1244652359	98631766	104202334
1244652379	98631766	104202334
1244652379	104202334	96403544
1244652419	104202334	96403544
1244652779	98631766	104202334
1244652779	98631766	96403544
1244652779	104202334	96403544
1244652799	98631766	104202334
1244652819	98631766	96403544
1244652839	98631766	104202334
1244652839	98631766	96403544
1244652839	104202334	96403544
1244652859	98631766	96403544
1244652879	98631766	104202334
1244652879	98631766	96403544
1244652879	96403544	104202334
1244652899	98631766	104202334
1244652899	98631766	96403544
1244652899	100597850	99352657
1244652899	104202334	96403544
1244652919	98631766	104202334
1244652919	98631766	96403544
1244652919	96403544	104202334
1244652939	98631766	96403544
1244652939	96403544	104202334
1244652939	99352657	100597850
1244652959	98631766	96403544
1244652959	96403544	104202334
1244652979	98631766	104202334
1244652979	98631766	96403544
1244652979	100597850	99352657
1244652979	104202334	96403544
1244652999	98631766	96403544
1244653019	98631766	96403544
1244653039	98631766	96403544
1244653039	104202334	96403544
1244653059	96403544	104202334
1244653079	100597850	99352657
1244653119	98631766	96403544
1244653119	104202334	96403544
1244653139	104202334	96403544
1244653159	104202334	96403544
1244653199	98631766	104202334
1244653279	90570829	100335717
1244653279	99352657	100597850
1244653299	98631766	96403544
1244653299	99352657	100597850
1244653319	90570829	100335717
1244653339	90570829	100335717
1244653359	90570829	100335717
1244653359	99352657	100597850
1244653379	90570829	100335717
1244653399	90570829	100335717
1244653399	99352657	100597850
1244653419	90570829	100335717
1244653439	90570829	100335717
1244653439	104202334	96403544
1244653459	90570829	100335717
1244653479	98631766	96403544
1244653499	90570829	100335717
1244653519	90570829	100335717
1244653539	98631766	96403544
1244653539	90570829	100335717
1244653559	90570829	100335717
1244653559	96403544	104202334
1244653579	98631766	104202334
1244653579	98631766	96403544
1244653579	90570829	100335717
1244653579	104202334	96403544
1244653599	98631766	104202334
1244653599	98631766	96403544
1244653599	90570829	100335717
1244653599	99352657	100597850
1244653599	96403544	104202334
1244653619	98631766	96403544
1244653619	90570829	100335717
1244653619	104202334	96403544
1244653639	90570829	100335717
1244653639	96403544	104202334
1244653659	90570829	100335717
1244653659	96403544	104202334
1244653679	98631766	96403544
1244653679	90570829	100335717
1244653679	104202334	96403544
1244653699	98631766	96403544
1244653699	90570829	100335717
1244653699	99352657	100597850
1244653699	96403544	104202334
1244653719	98631766	96403544
1244653739	98631766	104202334
1244653739	98631766	96403544
1244653739	100335717	90570829
1244653739	96403544	104202334
1244653759	98631766	104202334
1244653759	98631766	96403544
1244653759	103153751	74973258
1244653759	90570829	100335717
1244653759	96403544	104202334
1244653779	98631766	104202334
1244653779	100335717	90570829
1244653779	103153751	74973258
1244653779	104202334	96403544
1244653799	98631766	104202334
1244653799	90570829	100335717
1244653799	103153751	74973258
1244653799	99352657	100597850
1244653799	96403544	104202334
1244653839	103153751	74973258
1244653839	103153751	84410463
1244653859	98631766	104202334
1244653859	98631766	96403544
1244653859	90570829	100335717
1244653859	103153751	74973258
1244653879	98631766	104202334
1244653879	90570829	100335717
1244653879	103153751	74973258
1244653899	90570829	100335717
1244653899	103153751	74973258
1244653919	100335717	90570829
1244653919	103153751	74973258
1244653939	100335717	90570829
1244653939	100335717	104202334
1244653939	100335717	96403544
1244653939	103153751	74973258
1244653959	90570829	100335717
1244653959	103153751	74973258
1244653959	104202334	96403544
1244653979	100335717	90570829
1244653979	103153751	74973258
1244653979	99352657	100597850
1244653979	96403544	104202334
1244653999	100335717	90570829
1244653999	103153751	74973258
1244654019	98631766	96403544
1244654019	100335717	90570829
1244654019	103153751	74973258
1244654039	98631766	96403544
1244654039	100335717	90570829
1244654039	103153751	74973258
1244654039	96403544	104202334
1244654059	98631766	96403544
1244654059	100335717	90570829
1244654059	96403544	104202334
1244654079	98631766	96403544
1244654079	100335717	90570829
1244654079	103153751	74973258
1244654079	84410463	101253210
1244654079	104202334	96403544
1244654099	100335717	90570829
1244654099	77922386	104202334
1244654099	77922386	96403544
1244654099	96403544	104202334
1244654119	98631766	104202334
1244654119	103153751	74973258
1244654119	84410463	101253210
1244654139	90570829	100335717
1244654139	84410463	101253210
1244654139	103153751	74973258
1244654159	98631766	104202334
1244654159	103153751	74973258
1244654159	90570829	100335717
1244654179	90570829	100335717
1244654219	103153751	74973258
1244654239	103153751	74973258
1244654259	103153751	74973258
1244654259	101253210	104202334
1244654279	103153751	74973258
1244654279	101253210	104202334
1244654299	98631766	101253210
1244654299	101253210	104202334
1244654379	103153751	74973258
1244654399	98631766	104202334
1244654399	103153751	74973258
1244654399	99352657	100597850
1244654419	103153751	74973258
1244654479	103153751	74973258
1244654499	103153751	74973258
1244654499	90636394	100270151
1244654519	77922386	101253210
1244654519	103153751	74973258
1244654539	103153751	74973258
1244654559	83558485	100991091
1244654599	84410463	101253210
1244654599	84410463	100335717
1244654599	84410463	90570829
1244654599	101253210	100335717
1244654599	101253210	90570829
1244654599	90570829	100335717
1244654599	104333395	100991091
1244654619	77922386	101253210
1244654619	90570829	100335717
1244654619	84410463	101253210
1244654619	104333395	100991091
1244654639	100335717	90570829
1244654639	100991091	104333395
1244654659	83558485	104333395
1244654659	77922386	101253210
1244654659	90570829	100335717
1244654679	100335717	90570829
1244654679	77922386	101253210
1244654679	104333395	100991091
1244654699	77922386	101253210
1244654699	90570829	100335717
1244654699	104333395	100991091
1244654719	83558485	104333395
1244654719	77922386	101253210
1244654719	90570829	100335717
1244654719	104333395	100991091
1244654739	83558485	100991091
1244654739	104333395	100991091
1244654779	103153751	74973258
1244654779	99352657	100597850
1244654779	104333395	100991091
1244654799	100991091	104333395
1244654799	103153751	74973258
1244654819	103153751	74973258
1244654839	103153751	74973258
1244654859	103153751	74973258
1244654859	100270151	83558485
1244654879	103153751	74973258
1244654899	103153751	74973258
1244654899	104333395	100991091
1244654919	77922386	101253210
1244654919	100991091	104333395
1244654919	103153751	74973258
1244654919	99352657	100597850
1244654939	103153751	74973258
1244654959	77922386	101253210
1244654959	101253210	99352657
1244654979	104333395	100991091
1244654999	103153751	74973258
1244654999	99352657	100597850
1244654999	104333395	100991091
1244655019	103153751	74973258
1244655019	99352657	100597850
1244655019	104333395	100991091
1244655039	103153751	74973258
1244655059	103153751	74973258
1244655079	77922386	101253210
1244655079	103153751	74973258
1244655099	103153751	74973258
1244655119	103153751	74973258
1244655119	101253210	77922386
1244655139	77922386	101253210
1244655139	103153751	74973258
1244655139	100270151	83558485
1244655159	103153751	74973258
1244655179	100991091	104333395
1244655179	103153751	74973258
1244655199	77922386	101253210
1244655199	103153751	74973258
1244655199	104333395	100991091
1244655219	100991091	104333395
1244655219	103153751	74973258
1244655219	101253210	77922386
1244655239	103153751	74973258
1244655259	103153751	74973258
1244655279	103153751	74973258
1244655299	103153751	74973258
1244655319	103153751	74973258
1244655359	100991091	104333395
1244655359	103153751	74973258
1244655379	100991091	104333395
1244655379	103153751	74973258
1244655379	105906255	104333395
1244655399	100991091	104333395
1244655399	103153751	74973258
1244655419	100991091	104333395
1244655419	103153751	74973258
1244655439	100991091	104333395
1244655439	100991091	90636394
1244655439	103153751	74973258
1244655459	100991091	104333395
1244655459	100991091	90636394
1244655459	103153751	74973258
1244655479	100991091	104333395
1244655479	103153751	74973258
1244655499	100991091	104333395
1244655499	103153751	74973258
1244655519	100991091	104333395
1244655519	103153751	74973258
1244655539	100991091	104333395
1244655539	103153751	74973258
1244655559	100991091	104333395
1244655559	103153751	74973258
1244655579	100991091	104333395
1244655579	103153751	74973258
1244655599	100991091	104333395
1244655659	103153751	74973258
1244655679	103153751	74973258
1244655699	104333395	100270151
1244655799	103153751	74973258
1244655819	100991091	104333395
1244655819	100991091	100270151
1244655819	103153751	74973258
1244655839	103153751	74973258
1244655859	100991091	104333395
1244655859	100991091	100270151
1244655859	103153751	74973258
1244655859	104333395	100270151
1244655879	100991091	104333395
1244655879	100991091	100270151
1244655879	103153751	74973258
1244655899	100991091	100270151
1244655919	103153751	74973258
1244655939	103153751	74973258
1244655959	100991091	100270151
1244655959	103153751	74973258
1244655979	74973258	103153751
1244655999	103153751	74973258
1244656059	103153751	74973258
1244656059	103153751	83558485
1244656079	100991091	104333395
1244656079	103153751	74973258
1244656079	104333395	100270151
1244656099	100991091	104333395
1244656099	103153751	74973258
1244656119	103153751	74973258
1244656139	103153751	74973258
1244656159	103153751	74973258
1244656179	103153751	74973258
1244656199	103153751	74973258
1244656259	103153751	74973258
1244656279	103153751	74973258
1244656319	100991091	104333395
1244656319	103153751	74973258
1244656339	100991091	104333395
1244656339	103153751	74973258
1244656339	103153751	83558485
1244656359	100991091	104333395
1244656359	103153751	74973258
1244656379	103153751	74973258
1244656539	100991091	104333395
1244656559	100991091	104333395
1244656579	100991091	104333395
1244656579	100991091	83558485
1244656579	104333395	83558485
1244656599	100991091	104333395
