1245319459	99876960	96075900
1245319499	96075900	99876960
1245319519	96075900	99876960
1245319539	99876960	96075900
1245319579	99876960	96075900
1245319599	99876960	96075900
1245319639	99876960	96075900
1245319679	96075900	99876960
1245319679	99876960	76087405
1245319699	96075900	99876960
1245319759	96075900	99876960
1245319779	99876960	96075900
1245319859	96075900	99876960
1245319959	99876960	96075900
1245320039	96075900	99876960
1245320079	95158378	86966397
1245320099	95158378	86966397
1245320119	95158378	86966397
1245320119	99876960	96075900
1245320139	99876960	96075900
1245320159	99876960	96075900
1245320179	99876960	96075900
1245320199	99876960	96075900
1245320239	99876960	96075900
1245320259	99876960	96075900
1245320359	99876960	96075900
1245320379	99876960	96075900
1245320399	99876960	96075900
1245320419	101253229	74973267
1245320419	101253229	104530037
1245320419	101253229	98304108
1245320419	74973267	104530037
1245320419	74973267	98304108
1245320419	99876960	96075900
1245320419	104530037	98304108
1245320439	74973267	104530037
1245320439	99876960	96075900
1245320459	101253229	104530037
1245320459	101253229	98304108
1245320459	74973267	98304108
1245320479	101253229	98304108
1245320479	95158378	86966397
1245320479	74973267	98304108
1245320499	101253229	74973267
1245320499	101253229	104530037
1245320499	101253229	98304108
1245320499	95158378	86966397
1245320499	74973267	104530037
1245320499	99876960	96075900
1245320519	101253229	74973267
1245320519	101253229	104530037
1245320519	101253229	98304108
1245320519	95158378	86966397
1245320519	99876960	96075900
1245320539	76087405	99876960
1245320539	99876960	96075900
1245320559	95158378	86966397
1245320559	101253229	104530037
1245320559	104530037	98304108
1245320579	74973267	104530037
1245320599	101253229	104530037
1245320599	104530037	98304108
1245320619	101253229	104530037
1245320639	101253229	74973267
1245320639	95158378	86966397
1245320659	95158378	86966397
1245320679	101253229	74973267
1245320679	101253229	104530037
1245320679	101253229	98304108
1245320679	99876960	96075900
1245320679	74973267	104530037
1245320679	104530037	98304108
1245320699	101253229	74973267
1245320699	101253229	98304108
1245320699	101253229	104530037
1245320699	101253229	78905455
1245320699	74973267	104530037
1245320719	101253229	74973267
1245320719	101253229	104530037
1245320719	76087405	99876960
1245320719	99876960	96075900
1245320739	101253229	104530037
1245320739	99876960	96075900
1245320739	104530037	98304108
1245320759	78905455	101253229
1245320759	99876960	96075900
1245320779	101253229	78905455
1245320779	74973267	98304108
1245320799	101253229	78905455
1245320819	101253229	104530037
1245320819	99876960	96075900
1245320839	99876960	96075900
1245320859	99876960	96075900
1245320879	99876960	96075900
1245320919	101253229	98304108
1245320939	101253229	74973267
1245320939	101253229	104530037
1245320939	101253229	98304108
1245320959	101253229	74973267
1245320959	101253229	104530037
1245320959	101253229	98304108
1245320959	74973267	104530037
1245320979	101253229	74973267
1245320979	101253229	98304108
1245320979	74973267	104530037
1245320999	101253229	98304108
1245320999	74973267	104530037
1245321019	101253229	104530037
1245321019	101253229	98304108
1245321019	74973267	104530037
1245321039	101253229	104530037
1245321039	99876960	96075900
1245321039	74973267	104530037
1245321059	101253229	98304108
1245321079	101253229	98304108
1245321099	74973267	104530037
1245321119	101253229	98304108
1245321119	74973267	104530037
1245321139	101253229	104530037
1245321139	99876960	96075900
1245321159	101253229	74973267
1245321159	101253229	104530037
1245321159	74973267	104530037
1245321179	101253229	74973267
1245321199	95158378	86966397
1245321199	101253229	104530037
1245321239	101253229	104530037
1245321259	95158378	86966397
1245321279	101253229	74973267
1245321279	95158378	86966397
1245321299	95158378	86966397
1245321299	101253229	104530037
1245321299	101253229	98304108
1245321299	104530037	98304108
1245321319	101253229	98304108
1245321339	101253229	74973267
1245321339	95158378	86966397
1245321339	99876960	96075900
1245321359	101253229	104530037
1245321359	99876960	96075900
1245321359	74973267	104530037
1245321379	101253229	98304108
1245321379	99876960	96075900
1245321379	104530037	98304108
1245321399	101253229	104530037
1245321399	99876960	96075900
1245321399	74973267	98304108
1245321419	99876960	104530037
1245321419	74973267	98304108
1245321439	74973267	98304108
1245321459	101253229	104530037
1245321459	99876960	96075900
1245321479	101253229	104530037
1245321499	101253229	104530037
1245321499	99876960	96075900
1245321499	74973267	98304108
1245321519	101253229	104530037
1245321519	95158378	86966397
1245321519	99876960	96075900
1245321539	95158378	86966397
1245321539	99876960	96075900
1245321539	101253229	74973267
1245321559	95158378	86966397
1245321559	101253229	74973267
1245321579	101253229	74973267
1245321579	101253229	98304108
1245321579	74973267	98304108
1245321599	95158378	86966397
1245321599	74973267	98304108
1245321619	95158378	86966397
1245321619	74973267	98304108
1245321619	104530037	98304108
1245321639	95158378	86966397
1245321639	74973267	104530037
1245321639	74973267	98304108
1245321639	104530037	98304108
1245321659	95158378	86966397
1245321659	74973267	104530037
1245321679	95158378	86966397
1245321679	101253229	104530037
1245321679	74973267	98304108
1245321699	95158378	86966397
1245321699	101253229	98304108
1245321719	95158378	86966397
1245321719	74973267	98304108
1245321739	95158378	86966397
1245321739	101253229	98304108
1245321739	74973267	98304108
1245321759	95158378	86966397
1245321759	101253229	74973267
1245321759	101253229	104530037
1245321759	74973267	98304108
1245321779	95158378	86966397
1245321779	101253229	104530037
1245321779	74973267	98304108
1245321799	95158378	86966397
1245321799	101253229	74973267
1245321799	101253229	104530037
1245321799	101253229	98304108
1245321799	74973267	104530037
1245321799	74973267	98304108
1245321799	104530037	98304108
1245321819	76087405	99876960
1245321819	101253229	104530037
1245321819	74973267	98304108
1245321839	101253229	74973267
1245321839	101253229	104530037
1245321839	74973267	104530037
1245321839	104530037	98304108
1245321879	101253229	74973267
1245321879	101253229	98304108
1245321879	74973267	104530037
1245321919	101253229	74973267
1245321919	101253229	95158378
1245321919	101253229	104530037
1245321919	101253229	98304108
1245321919	95158378	74973267
1245321919	95158378	104530037
1245321919	95158378	98304108
1245321919	74973267	104530037
1245321919	74973267	98304108
1245321919	104530037	98304108
1245321939	101253229	74973267
1245321939	101253229	104530037
1245321939	101253229	98304108
1245321939	74973267	104530037
1245321939	74973267	98304108
1245321939	104530037	98304108
1245322279	95158379	104530038
1245322279	95158379	99876961
1245322279	99876961	74973268
1245322279	99876961	104530038
1245322279	74973268	104530038
1245322459	73728096	74973268
1245322459	73728096	101843053
1245322459	101843053	74973268
1245322459	101843053	96075901
1245322479	73400427	78905456
1245322479	73728096	99680390
1245322479	73728096	101843053
1245322479	101253230	105906273
1245322479	101253230	83034245
1245322479	101253230	99876961
1245322479	95158379	78905456
1245322479	105906273	83034245
1245322479	105906273	99876961
1245322479	99680390	78905456
1245322479	101843053	74973268
1245322479	83034245	99876961
1245322479	96075901	73269367
1245322499	101253230	105906273
1245322499	101253230	99876961
1245322499	101253230	83034245
1245322499	101843053	74973268
1245322499	101843053	73728096
1245322499	95158379	73400427
1245322499	95158379	104530038
1245322499	96075901	73269367
1245322499	105906273	99876961
1245322499	73269367	99680390
1245322499	83034245	99876961
1245322519	73400427	104530038
1245322519	73400427	95158379
1245322519	73597053	105906273
1245322519	73728096	101843053
1245322519	101253230	99876961
1245322519	95092828	105906273
1245322519	101843053	96075901
1245322519	78905456	73269367
1245322539	101253230	76284015
1245322539	76284015	105906273
1245322539	101843053	73728096
1245322539	78839921	98631775
1245322539	79167587	105906273
1245322539	79167587	99876961
1245322539	95158379	73400427
1245322539	73269367	74973268
1245322559	101253230	99876961
1245322559	76284015	105906273
1245322559	76284015	73597053
1245322559	76284015	95092828
1245322559	101843053	74973268
1245322559	101843053	73728096
1245322559	95092828	105906273
1245322559	95092828	99876961
1245322559	78905456	104530038
1245322559	78905456	73728096
1245322559	78905456	73269367
1245322559	79167587	99876961
1245322559	73269367	74973268
1245322559	73269367	73728096
1245322559	73597053	83034245
1245322559	73728096	74973268
1245322579	101253230	79167587
1245322579	101253230	99876961
1245322579	76284015	73597053
1245322579	95092828	73597053
1245322579	78905456	98631775
1245322579	79167587	73597053
1245322579	79167587	99876961
1245322579	96075901	73269367
1245322579	105906273	73597053
1245322579	95158379	73400427
1245322579	73269367	73400427
1245322579	73269367	73728096
1245322579	73728096	74973268
1245322599	101843053	96075901
1245322599	95092828	105906273
1245322599	95158379	74973268
1245322599	95158379	98631775
1245322599	78905456	74973268
1245322599	78905456	99680390
1245322599	78905456	73269367
1245322599	79167587	73597053
1245322599	79167587	83034245
1245322599	105906273	73597053
1245322599	73400427	98631775
1245322619	101253230	105906273
1245322619	101253230	79167587
1245322619	101253230	73597053
1245322619	101253230	99876961
1245322619	76284015	98631775
1245322619	76284015	95092828
1245322619	95092828	105906273
1245322619	95092828	73269367
1245322619	95158379	74973268
1245322619	95158379	96075901
1245322619	79167587	73597053
1245322619	96075901	74973268
1245322619	105906273	73597053
1245322619	73597053	99876961
1245322639	101253230	79167587
1245322639	101253230	73597053
1245322639	76284015	79167587
1245322639	101843053	73269367
1245322639	78905456	74973268
1245322639	78905456	73400427
1245322639	78905456	73269367
1245322639	78905456	99680390
1245322639	79167587	73597053
1245322639	104530038	83034245
1245322639	105906273	73400427
1245322639	73269367	73728096
1245322639	99680390	74973268
1245322659	101253230	76284015
1245322659	76284015	95092828
1245322659	101843053	96075901
1245322659	101843053	73728096
1245322659	95158379	73400427
1245322659	95158379	78905456
1245322659	78905456	73400427
1245322659	78905456	99680390
1245322659	78905456	73269367
1245322659	79167587	73597053
1245322659	96075901	73728096
1245322659	104530038	105906273
1245322659	73269367	99680390
1245322659	73597053	99876961
1245322679	101253230	105906273
1245322679	76284015	95092828
1245322679	101843053	73728096
1245322679	95092828	99680390
1245322679	78905456	104530038
1245322679	79167587	83034245
1245322679	105906273	98631775
1245322679	73269367	99680390
1245322679	98631775	73597053
1245322699	101253230	98631775
1245322699	101253230	73597053
1245322699	101253230	99876961
1245322699	76284015	95092828
1245322699	101843053	73728096
1245322699	95158379	73400427
1245322699	79167587	104530038
1245322699	104530038	105906273
1245322699	73597053	99876961
1245322719	101253230	98631775
1245322719	101253230	73597053
1245322719	101253230	99876961
1245322719	76284015	105906273
1245322719	76284015	96075901
1245322719	76284015	95092828
1245322719	76284015	99876961
1245322719	95158379	73400427
1245322719	95158379	78905456
1245322719	73597053	99876961
1245322739	101843053	74973268
1245322739	101843053	73728096
1245322739	95158379	73400427
1245322739	95158379	79167587
1245322739	78905456	99680390
1245322739	79167587	73400427
1245322739	79167587	98631775
1245322739	79167587	83034245
1245322739	104530038	83034245
1245322739	73400427	83034245
1245322739	98631775	83034245
1245322759	101843053	73728096
1245322759	95158379	73400427
1245322759	95158379	104530038
1245322759	78905456	99680390
1245322759	96075901	99876961
1245322759	104530038	73400427
1245322759	104530038	83034245
1245322759	98631775	83034245
1245322759	73597053	99680390
1245322759	73597053	99876961
1245322779	76284015	96075901
1245322779	101843053	104530038
1245322779	101843053	73728096
1245322779	95092828	82444398
1245322779	95158379	73400427
1245322779	95158379	79167587
1245322779	78905456	73728096
1245322779	104530038	73400427
1245322779	104530038	83034245
1245322799	76284015	105906273
1245322799	95092828	105906273
1245322799	78905456	73728096
1245322799	79167587	98631775
1245322799	96075901	99876961
1245322799	105906273	73400427
1245322819	101253230	95158379
1245322819	101253230	96075901
1245322819	76284015	105906273
1245322819	95158379	73400427
1245322819	78905456	99876961
1245322819	78905456	73728096
1245322819	105906273	73597053
1245322819	73269367	73597053
1245322819	73400427	73597053
1245322819	73728096	99876961
1245322839	101253230	96075901
1245322839	76284015	105906273
1245322839	76284015	73597053
1245322839	76284015	73269367
1245322839	95092828	98631775
1245322839	78905456	99876961
1245322839	78905456	73728096
1245322839	96075901	105906273
1245322839	105906273	73597053
1245322859	101253230	73400427
1245322859	101253230	73597053
1245322859	76284015	96075901
1245322859	76284015	95092828
1245322859	76284015	73269367
1245322859	101843053	99680390
1245322859	95158379	74973268
1245322859	95158379	99680390
1245322859	78905456	99876961
1245322859	78905456	73728096
1245322859	96075901	73269367
1245322859	73597053	99680390
1245322859	73728096	99876961
1245322879	101253230	105906273
1245322879	101253230	99680390
1245322879	101253230	96075901
1245322879	76284015	98631775
1245322879	76284015	95092828
1245322879	78905456	99876961
1245322879	78905456	73728096
1245322879	96075901	105906273
1245322879	105906273	99680390
1245322879	105906273	73597053
1245322879	98631775	74973268
1245322879	73728096	99876961
1245322899	76284015	95092828
1245322899	76284015	104530038
1245322899	101843053	73728096
1245322899	95158379	73597053
1245322899	105906273	74973268
1245322899	105906273	73400427
1245322899	105906273	73597053
1245322899	73400427	73597053
1245322919	101253230	83034245
1245322919	76284015	95092828
1245322919	95158379	105906273
1245322919	95158379	98631775
1245322919	95158379	73400427
1245322919	79167587	98631775
1245322919	104530038	105906273
1245322919	105906273	73400427
1245322919	73400427	98631775
1245322919	73597053	99876961
1245322919	99680390	99876961
1245322939	76284015	95092828
1245322939	95158379	73400427
1245322939	95158379	78905456
1245322939	95158379	73269367
1245322939	78905456	99876961
1245322939	79167587	98631775
1245322939	79167587	104530038
1245322939	73269367	73597053
1245322959	73400427	73597053
1245322959	73400427	95158379
1245322959	73400427	73728096
1245322959	98631775	105906273
1245322959	73728096	101253230
1245322959	73728096	78905456
1245322959	83034245	105906273
1245322959	83034245	101843053
1245322959	101253230	99680390
1245322959	101253230	101843053
1245322959	99680390	101843053
1245322959	99680390	99876961
1245322979	73400427	95158379
1245322979	73400427	73728096
1245322979	73400427	99680390
1245322979	73597053	99680390
1245322979	73597053	99876961
1245322979	104530038	76284015
1245322979	73728096	78905456
1245322979	83034245	105906273
1245322979	99680390	99876961
1245322979	99876961	78905456
1245322999	73400427	99680390
1245322999	73400427	73728096
1245322999	98631775	74973268
1245322999	73597053	99876961
1245322999	73597053	99680390
1245322999	73728096	99876961
1245323019	73400427	99680390
1245323019	98631775	105906273
1245323019	73597053	73269367
1245323019	101253230	76284015
1245323019	99876961	79167587
1245323019	105906273	79167587
1245323019	99680390	78905456
1245323019	101843053	79167587
1245323039	101253230	76284015
1245323039	76284015	73728096
1245323039	76284015	103153760
1245323039	101843053	73597053
1245323039	79167587	73597053
1245323039	73269367	73597053
1245323039	73400427	99876961
1245323059	101253230	76284015
1245323059	101253230	73728096
1245323059	76284015	73728096
1245323059	101843053	73597053
1245323059	101843053	78905456
1245323059	95092828	105906273
1245323059	95158379	99876961
1245323059	78905456	79167587
1245323059	78905456	96075901
1245323059	79167587	99680390
1245323059	105906273	98631775
1245323059	73269367	74973268
1245323059	73269367	73597053
1245323059	73400427	99680390
1245323059	99680390	99876961
1245323079	101253230	76284015
1245323079	101253230	73728096
1245323079	101843053	96075901
1245323079	101843053	83034245
1245323079	95158379	79167587
1245323079	95158379	99876961
1245323079	78905456	79167587
1245323079	78905456	104530038
1245323079	78905456	83034245
1245323079	79167587	105906273
1245323079	79167587	99876961
1245323079	96075901	104530038
1245323079	105906273	74973268
1245323079	105906273	98631775
1245323079	105906273	83034245
1245323079	99680390	99876961
1245323079	83034245	74973268
1245323099	101253230	78905456
1245323099	101253230	73728096
1245323099	101843053	79167587
1245323099	101843053	96075901
1245323099	101843053	83034245
1245323099	79167587	73400427
1245323099	73400427	99680390
1245323099	83034245	99876961
1245323119	98631775	74973268
1245323119	73728096	78905456
1245323119	101843053	96075901
1245323119	101843053	76284015
1245323119	76284015	78905456
1245323119	76284015	99876961
1245323119	83034245	99876961
1245323139	76284015	78905456
1245323139	78905456	105906273
1245323139	79167587	99680390
1245323139	96075901	74973268
1245323139	73597053	74973268
1245323139	73597053	73728096
1245323159	101253230	78905456
1245323159	101253230	76284015
1245323159	101253230	99876961
1245323159	76284015	78905456
1245323159	101843053	105906273
1245323159	101843053	73597053
1245323159	101843053	104530038
1245323159	79167587	99680390
1245323159	96075901	73269367
1245323159	104530038	73728096
1245323159	73269367	73597053
1245323159	73597053	74973268
1245323179	101253230	78905456
1245323179	101253230	99876961
1245323179	76284015	78905456
1245323179	78905456	99876961
1245323179	79167587	99680390
1245323179	96075901	74973268
1245323179	73597053	73728096
1245323199	101253230	76284015
1245323199	101253230	78905456
1245323199	101253230	99876961
1245323199	76284015	78905456
1245323199	101843053	73728096
1245323199	78905456	73728096
1245323199	79167587	99876961
1245323199	96075901	105906273
1245323199	105906273	74973268
1245323199	105906273	73728096
1245323199	73400427	99680390
1245323199	73597053	74973268
1245323199	73597053	99680390
1245323199	73728096	83034245
1245323219	101253230	78905456
1245323219	101253230	76284015
1245323219	101253230	99876961
1245323219	76284015	101843053
1245323219	76284015	78905456
1245323219	101843053	73728096
1245323219	78905456	96075901
1245323219	79167587	99680390
1245323219	96075901	99876961
1245323219	105906273	73597053
1245323219	73597053	73728096
1245323239	101253230	99680390
1245323239	101253230	99876961
1245323239	76284015	99876961
1245323239	101843053	73728096
1245323239	95158379	78905456
1245323239	78905456	105906273
1245323239	78905456	99680390
1245323239	79167587	73400427
1245323239	79167587	73269367
1245323239	96075901	83034245
1245323239	105906273	73597053
1245323239	105906273	83034245
1245323239	73400427	73597053
1245323239	73728096	83034245
1245323239	99680390	99876961
1245323239	83034245	99876961
1245323259	101253230	105906273
1245323259	101253230	101843053
1245323259	101253230	99876961
1245323259	101843053	78905456
1245323259	101843053	95158379
1245323259	101843053	73728096
1245323259	95158379	78905456
1245323259	79167587	73597053
1245323259	96075901	105906273
1245323259	105906273	99876961
1245323259	73400427	73597053
1245323279	101253230	105906273
1245323279	101253230	99876961
1245323279	101253230	101843053
1245323279	101253230	78905456
1245323279	76284015	95092828
1245323279	101843053	95158379
1245323279	101843053	73269367
1245323279	95158379	78905456
1245323279	79167587	73400427
1245323279	96075901	73728096
1245323279	73728096	99680390
1245323299	101253230	105906273
1245323299	101253230	101843053
1245323299	101253230	99876961
1245323299	95092828	76284015
1245323299	105906273	99876961
1245323299	99680390	74973268
1245323299	101843053	95158379
1245323319	98631775	99680390
1245323319	73728096	78905456
1245323319	95158379	96075901
1245323319	95158379	78905456
1245323319	95092828	76284015
1245323319	101843053	101253230
1245323319	78905456	101253230
1245323339	73400427	78905456
1245323339	73400427	73728096
1245323339	73597053	83034245
1245323339	73728096	99680390
1245323339	73728096	104530038
1245323339	104530038	99680390
1245323339	104530038	76284015
1245323339	101253230	101843053
1245323339	101253230	78905456
1245323339	101253230	99876961
1245323339	95092828	76284015
1245323339	101843053	78905456
1245323339	78905456	96075901
1245323359	101253230	105906273
1245323359	101253230	78905456
1245323359	101253230	96075901
1245323359	101253230	99876961
1245323359	76284015	95092828
1245323359	101843053	73728096
1245323359	95092828	99680390
1245323359	78905456	99680390
1245323359	96075901	99876961
1245323359	73400427	99680390
1245323359	73597053	83034245
1245323379	73400427	73728096
1245323379	73728096	99680390
1245323379	95092828	76284015
1245323379	79167587	83034245
1245323379	105906273	101253230
1245323379	105906273	83034245
1245323379	99680390	96075901
1245323379	101253230	74973268
1245323379	101253230	96075901
1245323379	101253230	99876961
1245323379	74973268	96075901
1245323379	99876961	96075901
1245323399	101253230	99680390
1245323399	101253230	73597053
1245323399	101843053	96075901
1245323399	101843053	78905456
1245323399	101843053	73728096
1245323399	95158379	96075901
1245323399	78905456	74973268
1245323399	78905456	99680390
1245323399	73400427	98631775
1245323399	73728096	99680390
1245323399	99680390	74973268
1245323419	73597053	101253230
1245323419	73728096	101843053
1245323419	73728096	95158379
1245323419	73728096	96075901
1245323419	95158379	101843053
1245323419	101843053	96075901
1245323419	74973268	73269367
1245323439	101253230	74973268
1245323439	101253230	83034245
1245323439	101253230	99876961
1245323439	101253230	73269367
1245323439	76284015	95092828
1245323439	101843053	96075901
1245323439	101843053	73728096
1245323439	95158379	73728096
1245323439	96075901	73728096
1245323439	73400427	98631775
1245323439	73597053	99680390
1245323439	73597053	83034245
1245323439	99876961	74973268
1245323459	73597053	99680390
1245323459	73597053	83034245
1245323459	73597053	99876961
1245323459	73728096	96075901
1245323459	73728096	95158379
1245323459	73728096	101843053
1245323459	101253230	74973268
1245323459	101253230	99680390
1245323459	101253230	99876961
1245323459	101253230	73269367
1245323459	105906273	99680390
1245323459	101843053	96075901
1245323459	99876961	74973268
1245323459	99876961	73269367
1245323479	73400427	98631775
1245323479	73400427	78905456
1245323479	98631775	104530038
1245323479	73597053	83034245
1245323479	73728096	96075901
1245323479	73728096	101843053
1245323479	101253230	74973268
1245323479	101253230	99876961
1245323479	74973268	99876961
1245323479	99876961	73269367
1245323499	101253230	99876961
1245323499	78905456	98631775
1245323499	78905456	104530038
1245323499	104530038	98631775
1245323499	73269367	83034245
1245323499	99876961	74973268
1245323519	101253230	74973268
1245323519	101253230	99876961
1245323519	76284015	95092828
1245323519	78905456	73400427
1245323519	104530038	73400427
1245323519	105906273	73597053
1245323519	73269367	83034245
1245323519	73597053	83034245
1245323539	73400427	98631775
1245323539	73400427	104530038
1245323539	98631775	104530038
1245323539	73597053	83034245
1245323539	101253230	74973268
1245323539	95092828	73269367
1245323539	83034245	73269367
1245323559	101253230	74973268
1245323559	76284015	99680390
1245323559	105906273	73597053
1245323559	73400427	74973268
1245323559	73400427	98631775
1245323559	99876961	74973268
1245323579	101253230	74973268
1245323579	101253230	73400427
1245323579	101253230	99876961
1245323579	101253230	98631775
1245323579	104530038	73400427
1245323579	73400427	74973268
1245323579	73400427	98631775
1245323599	101253230	73400427
1245323599	101253230	74973268
1245323599	101253230	99876961
1245323599	79167587	99680390
1245323599	96075901	73400427
1245323599	104530038	73400427
1245323599	105906273	83034245
1245323599	73400427	98631775
1245323599	73597053	99680390
1245323619	95092828	73269367
1245323619	79167587	105906273
1245323619	79167587	73597053
1245323619	79167587	83034245
1245323619	104530038	73400427
1245323619	105906273	99680390
1245323619	105906273	73597053
1245323619	73400427	98631775
1245323639	101253230	98631775
1245323639	101253230	99876961
1245323639	76284015	73269367
1245323639	95092828	73269367
1245323639	79167587	105906273
1245323639	79167587	83034245
1245323639	104530038	74973268
1245323639	105906273	73597053
1245323639	73597053	99680390
1245323639	99680390	83034245
1245323659	101253230	99876961
1245323659	101253230	73269367
1245323659	76284015	73269367
1245323659	79167587	105906273
1245323659	79167587	83034245
1245323659	104530038	74973268
1245323659	105906273	73597053
1245323659	73269367	73400427
1245323659	73269367	99876961
1245323659	73400427	98631775
1245323659	73400427	99876961
1245323659	98631775	99876961
1245323659	73597053	83034245
1245323679	101253230	73597053
1245323679	101253230	99876961
1245323679	101253230	73269367
1245323679	79167587	83034245
1245323679	104530038	73400427
1245323679	73269367	99876961
1245323679	73400427	74973268
1245323679	73400427	98631775
1245323679	73400427	99876961
1245323699	101253230	76284015
1245323699	101253230	95158379
1245323699	101253230	99876961
1245323699	101253230	73269367
1245323699	76284015	73400427
1245323699	76284015	99876961
1245323699	76284015	78905456
1245323699	101843053	96075901
1245323699	95158379	73269367
1245323699	78905456	73400427
1245323699	79167587	83034245
1245323699	73400427	73597053
1245323719	101253230	73597053
1245323719	101253230	99876961
1245323719	76284015	73400427
1245323719	76284015	78905456
1245323719	101843053	96075901
1245323719	78184546	100270162
1245323719	79167587	73400427
1245323719	73269367	73400427
1245323719	73400427	74973268
1245323739	101253230	99876961
1245323739	101253230	78905456
1245323739	101253230	73728096
1245323739	76284015	99876961
1245323739	77463651	78184546
1245323739	77463651	100270162
1245323739	78184546	100270162
1245323739	95092828	104530038
1245323739	78905456	73728096
1245323739	79167587	73597053
1245323759	101843053	105906273
1245323759	101843053	98631775
1245323759	78184546	100270162
1245323759	95092828	96075901
1245323759	95092828	83034245
1245323759	78905456	105906273
1245323759	78905456	96075901
1245323759	78905456	73269367
1245323759	79167587	73597053
1245323759	96075901	105906273
1245323759	104530038	73400427
1245323759	104530038	83034245
1245323779	101843053	73400427
1245323779	101843053	98631775
1245323779	101843053	99876961
1245323779	79167587	99680390
1245323779	79167587	83034245
1245323779	79167587	73597053
1245323779	96075901	73728096
1245323779	104530038	73400427
1245323779	105906273	99876961
1245323779	98631775	99680390
1245323779	73597053	83034245
1245323799	76284015	104530038
1245323799	101843053	73400427
1245323799	101843053	96075901
1245323799	101843053	95158379
1245323799	78184546	100270162
1245323799	79167587	99680390
1245323799	79167587	73597053
1245323799	79167587	83034245
1245323799	96075901	74973268
1245323799	73597053	99680390
1245323799	99680390	83034245
1245323819	76284015	104530038
1245323819	101843053	73400427
1245323819	101843053	95158379
1245323819	95158379	74973268
1245323819	79167587	73400427
1245323819	105906273	73597053
1245323819	105906273	83034245
1245323819	73400427	99680390
1245323819	73597053	83034245
1245323839	101843053	73400427
1245323839	101843053	96075901
1245323839	78184546	100270162
1245323839	79167587	104530038
1245323839	96075901	99876961
1245323839	105906273	73597053
1245323839	105906273	83034245
1245323839	73597053	83034245
1245323859	101843053	99680390
1245323859	101843053	96075901
1245323859	101843053	99876961
1245323859	77463651	100270162
1245323859	78184546	100270162
1245323859	79167587	99680390
1245323859	79167587	104530038
1245323859	104530038	73400427
1245323859	105906273	73597053
1245323859	105906273	83034245
1245323859	99680390	99876961
1245323879	101253230	74973268
1245323879	101843053	99876961
1245323879	78184546	100270162
1245323879	95158379	78905456
1245323879	96075901	99876961
1245323879	105906273	73597053
1245323879	73597053	74973268
1245323899	101253230	74973268
1245323899	101253230	96075901
1245323899	101843053	73597053
1245323899	77463651	100270162
1245323899	78184546	100270162
1245323899	96075901	74973268
1245323899	96075901	99876961
1245323899	104530038	73597053
1245323899	104530038	83034245
1245323899	105906273	74973268
1245323899	105906273	99680390
1245323899	105906273	73597053
1245323899	73597053	74973268
1245323919	101253230	101843053
1245323919	77463651	78184546
1245323919	78184546	100270162
1245323919	96075901	99876961
1245323919	104530038	105906273
1245323919	104530038	73597053
1245323919	104530038	73728096
1245323919	105906273	73597053
1245323919	105906273	73728096
1245323919	73597053	73728096
1245323919	83034245	74973268
1245323919	83034245	99876961
1245323919	99876961	74973268
1245323939	101253230	95158379
1245323939	101253230	99876961
1245323939	101843053	105906273
1245323939	78184546	100270162
1245323939	95158379	105906273
1245323939	79167587	73597053
1245323939	79167587	73728096
1245323939	96075901	105906273
1245323939	73269367	99680390
1245323939	98631775	99680390
1245323939	73597053	73728096
1245323959	78184546	100270162
1245323959	95092828	98631775
1245323959	95158379	74973268
1245323959	95158379	73728096
1245323959	105906273	74973268
1245323959	73728096	99876961
1245323959	99680390	74973268
1245323959	99680390	83034245
1245323959	83034245	99876961
1245323979	101253230	105906273
1245323979	101253230	101843053
1245323979	101843053	105906273
1245323979	78184546	100270162
1245323979	95092828	95158379
1245323979	95158379	99680390
1245323979	95158379	83034245
1245323979	95158379	99876961
1245323979	79167587	73400427
1245323979	79167587	99680390
1245323979	99680390	74973268
1245323999	101253230	105906273
1245323999	101253230	74973268
1245323999	101253230	101843053
1245323999	76284015	74973268
1245323999	101843053	105906273
1245323999	101843053	79167587
1245323999	77463651	78184546
1245323999	95092828	79167587
1245323999	95092828	73400427
1245323999	95092828	95158379
1245323999	95092828	98631775
1245323999	95158379	73400427
1245323999	95158379	98631775
1245323999	95158379	79167587
1245323999	79167587	73400427
1245324019	76284015	74973268
1245324019	101843053	73400427
1245324019	95092828	73597053
1245324019	79167587	74973268
1245324019	73400427	74973268
1245324019	73597053	99876961
1245324019	73597053	83034245
1245324039	101253230	78184546
1245324039	101253230	73597053
1245324039	101253230	83034245
1245324039	78184546	105906273
1245324039	78184546	100270162
1245324039	78184546	73597053
1245324039	79167587	73597053
1245324039	79167587	83034245
1245324039	98631775	99680390
1245324039	73597053	83034245
1245324059	101253230	96075901
1245324059	76284015	96075901
1245324059	101843053	79167587
1245324059	101843053	73597053
1245324059	78184546	100270162
1245324059	79167587	74973268
1245324059	79167587	73597053
1245324059	79167587	83034245
1245324059	73400427	73597053
1245324059	98631775	99680390
1245324079	78905456	73728096
1245324099	78184546	100270162
1245324099	78905456	73728096
1245324099	73269367	99680390
1245324099	98631775	73728096
1245324099	100270162	100597869
1245324119	76284015	73728096
1245324139	77463651	78184546
1245324159	77463651	78184546
1245324179	78184546	100270162
1245324219	78184546	77463651
1245324219	100270162	77463651
1245324239	73400427	82444398
1245324259	78184546	100270162
1245324279	78184546	77463651
1245324299	78184546	100270162
1245324299	100270162	77463651
1245324319	78184546	77463651
1245324339	78184546	77463651
1245324359	78184546	100270162
1245324399	100270162	77463651
1245324439	100270162	77463651
1245324459	78184546	100270162
1245324459	100270162	77463651
1245324479	78184546	77463651
1245324499	78184546	77463651
1245324539	96993384	100270162
1245324539	78184546	100270162
1245324539	100270162	77463651
1245324559	78184546	100270162
1245324559	100270162	77463651
1245324579	78184546	100270162
1245324599	78184546	100270162
1245324619	94699631	100270162
1245324639	78184546	100270162
1245324659	78184546	100270162
1245324659	78184546	77463651
1245324659	100270162	77463651
1245325459	96993384	77463652
1245325679	96993384	77463652
1245325719	78184547	100270163
1245325739	78184547	100270163
1245325779	78184547	100270163
1245325939	96993385	100597870
1245325959	96993385	100597870
1245325979	96993385	100597870
1245325999	96993385	100597870
1245326019	96993385	100597870
1245326039	96993385	100597870
1245326059	96993385	100597870
1245326079	96993385	100597870
1245326119	96993385	100597870
1245326199	90636410	101318747
1245326279	96993385	100597870
1245326319	90636410	101318747
1245326339	94699631	96993385
1245326339	94699631	103153760
1245326339	96993385	100597870
1245326359	90636410	101318747
1245326379	90636410	101318747
1245326399	90636410	101318747
1245326439	90636410	101318747
1245326459	90636410	101318747
1245326479	90636410	101318747
1245326479	96993385	100597870
1245326499	96993385	100597870
1245326519	96993385	100597870
1245326559	96993385	100597870
1245326579	90636410	101318747
1245326599	90636410	101318747
1245326679	94699631	78184547
1245326679	78184547	100270163
1245326739	90636410	101318747
1245326759	90636410	101318747
1245326779	100991102	96993386
1245326779	100991102	78971008
1245326779	90636410	101318747
1245326779	96993386	78971008
1245326799	100991102	78971008
1245326799	90636410	101318747
1245326819	90636410	101318747
1245326839	90636410	101318747
1245326839	96993386	78971008
1245326839	100991102	78971008
1245326859	100991102	96993386
1245326859	100991102	78971008
1245326859	90636410	101318747
1245326879	78971008	100991102
1245326879	96993386	100991102
1245326899	96993386	100991102
1245326919	100991102	96993386
1245326919	100991102	78971008
1245326939	100991102	96993386
1245326939	100991102	78971008
1245326939	90636410	101318747
1245326959	90636410	101318747
1245326979	90636410	101318747
1245326979	100991102	78971008
1245326999	100991102	96993386
1245326999	100991102	78971008
1245326999	103153760	104333410
1245327019	78971008	96993386
1245327019	78971008	100991102
1245327019	103153760	96993386
1245327019	103153760	100991102
1245327019	96993386	100991102
1245327039	100991102	96993386
1245327039	100991102	78971008
1245327039	100991102	103153760
1245327039	103153760	96993386
1245327039	96993386	78971008
1245327059	100991102	96993386
1245327059	100991102	78971008
1245327059	100991102	103153760
1245327059	90636410	94699631
1245327059	96993386	78971008
1245327079	100991102	104333410
1245327079	100991102	78971008
1245327079	100991102	103153760
1245327079	103153760	104333410
1245327079	103153760	78971008
1245327079	90636410	94699631
1245327099	73400428	75104354
1245327099	100991102	104333410
1245327099	103153760	104333410
1245327099	78971008	104333410
1245327119	73400428	75104354
1245327119	103153760	100991102
1245327139	103153760	78971008
1245327139	103153760	100991102
1245327159	100991102	103153760
1245327159	90636410	101318747
1245327179	103153760	100991102
1245327199	100991102	96993386
1245327199	100991102	103153760
1245327199	90636410	101318747
1245327219	100991102	96993386
1245327219	90636410	101318747
1245327239	96993386	100991102
1245327239	96993386	78971008
1245327239	100991102	78971008
1245327259	78971008	96993386
1245327259	78971008	100991102
1245327259	96993386	100991102
1245327279	78971008	96993386
1245327279	78971008	100991102
1245327279	78971008	103153760
1245327279	100991102	96993386
1245327279	100991102	103153760
1245327299	100991102	78971008
1245327319	78971008	100991102
1245327319	96993386	100991102
1245327339	96993386	78971008
1245327359	96993386	78971008
1245327359	96993386	100991102
1245327359	100991102	78971008
1245327379	100991102	96993386
1245327379	78184547	100270163
1245327399	100991102	78971008
1245327419	78971008	96993386
1245327419	78971008	100991102
1245327439	96993386	78971008
1245327439	100991102	78971008
1245327459	96993386	100991102
1245327459	78971008	100991102
1245327479	100991102	96993386
1245327479	100991102	78971008
1245327499	100991102	96993386
1245327499	100991102	78971008
1245327499	103153760	77463652
1245327519	100991102	96993386
1245327519	100991102	78971008
1245327519	96993386	78971008
1245327539	100991102	96993386
1245327539	78184547	100270163
1245327559	100991102	96993386
1245327559	100991102	78971008
1245327579	96993386	100991102
1245327599	73400428	75104354
1245327599	100991102	96993386
1245327619	73400428	75104354
1245327619	96993386	100991102
1245327639	73400428	75104354
1245327639	100991102	78971008
1245327659	73400428	75104354
1245327659	78971008	96993386
1245327659	78971008	100991102
1245327659	100991102	96993386
1245327679	73400428	75104354
1245327679	78971008	96993386
1245327699	96993386	78971008
1245327719	78971008	100991102
1245327739	78971008	100991102
1245327759	78971008	96993386
1245327759	78971008	100991102
1245327779	100991102	78971008
1245327779	96993386	78971008
1245327799	100991102	96993386
1245327799	100991102	78971008
1245327799	100991102	77463652
1245327799	96993386	78971008
1245327819	96993386	78971008
1245327819	96993386	100991102
1245327819	100991102	78971008
1245327839	100991102	78971008
1245327839	96993386	78971008
1245327859	96993386	100991102
1245327879	100991102	96993386
1245327879	100991102	78971008
1245327899	78971008	96993386
1245327979	73400428	75104354
1245327979	96993386	78971008
1245328019	73400428	75104354
1245328039	104333410	77463652
1245328119	100270164	77463652
1245328139	78184548	100270164
1245328179	96993386	100991102
1245328179	78184548	100270164
1245328199	78184548	100270164
1245328219	78184548	100270164
1245328239	78971008	96993386
1245328239	100270164	77463652
1245328259	96993386	100991102
1245328279	96993386	78971008
1245328279	100991102	78971008
1245328299	78971008	104333410
1245328299	78971008	100991102
1245328299	78184548	100270164
1245328319	100991102	96993386
1245328319	100991102	78971008
1245328319	78184548	100270164
1245328339	73400429	78184548
1245328339	73400429	100270164
1245328339	78184548	100270164
1245328339	100991102	78971008
1245328359	73400429	100270164
1245328359	96993386	78971008
1245328359	78184548	100270164
1245328379	73400429	100270164
1245328379	78971008	96993386
1245328379	78971008	100991102
1245328379	78184548	100270164
1245328399	73400429	100270164
1245328399	78971008	96993386
1245328399	78184548	100270164
1245328419	73400429	78184548
1245328419	73400429	100270164
1245328419	78184548	100270164
1245328439	73400429	78184548
1245328439	73400429	100270164
1245328439	78184548	100270164
1245328459	73400429	78184548
1245328459	73400429	100270164
1245328459	78184548	100270164
1245328479	73400429	78184548
1245328479	73400429	100270164
1245328479	78971008	96993386
1245328479	78971008	100991102
1245328479	78184548	100270164
1245328499	73400429	100270164
1245328499	96993386	78971008
1245328499	78184548	100270164
1245328519	73400429	78184548
1245328519	73400429	100270164
1245328519	78184548	100270164
1245328519	100991102	78971008
1245328539	73400429	100270164
1245328539	78971008	94699631
1245328539	96993386	100991102
1245328539	78184548	100270164
1245328559	73400429	78184548
1245328559	94699631	96993386
1245328559	94699631	78971008
1245328559	94699631	100991102
1245328559	96993386	78971008
1245328599	73400429	78184548
1245328599	96993386	78971008
1245328599	96993386	100991102
1245328599	78971008	100991102
1245328619	73400429	78184548
1245328619	73400429	100270164
1245328639	73400429	78184548
1245328639	94699631	100991102
1245328639	96993386	100991102
1245328659	73400429	78184548
1245328679	73400429	78184548
1245328679	73400429	100270164
1245328699	73400429	100270164
1245328719	73400429	100270164
1245328739	73400429	100270164
1245328759	73400429	100270164
1245328799	73400429	100270164
1245328799	100991102	96993386
1245328819	73400429	100270164
1245328819	78184548	100270164
1245328859	78184548	100270164
1245328879	96993386	100991102
1245328879	100991102	78971008
1245328899	73400429	100270164
1245328899	78971008	100991102
1245328899	96993386	100991102
1245328919	73400429	78184548
1245328919	100991102	96993386
1245328919	78184548	100270164
1245328939	73400429	78184548
1245328939	73400429	100270164
1245328939	78971008	96993386
1245328939	78971008	100991102
1245328939	96993386	100991102
1245328959	73400429	78184548
1245328959	78971008	100991102
1245328959	100991102	96993386
1245328979	73400429	78184548
1245328979	96993386	100991102
1245328979	96993386	78971008
1245328979	100991102	78971008
1245328999	73400429	78184548
1245328999	100991102	96993386
1245328999	100991102	78971008
1245328999	96993386	78971008
1245329019	78971008	96993386
1245329019	78971008	100991102
1245329019	100991102	96993386
1245329039	73400429	78184548
1245329039	100991102	96993386
1245329039	100991102	78971008
1245329039	96993386	78971008
1245329059	78971008	96993386
1245329059	78971008	100991102
1245329059	96993386	100991102
1245329079	73400429	100270164
1245329079	100991102	78971008
1245329079	78184548	100270164
1245329099	73400429	100270164
1245329099	96993386	78971008
1245329099	96993386	100991102
1245329099	100991102	78971008
1245329119	96993386	78971008
1245329139	96993386	78971008
1245329139	100991102	78971008
1245329159	100991102	96993386
1245329159	96993386	78971008
1245329179	100991102	96993386
1245329179	96993386	78971008
1245329199	96993386	78971008
1245329219	73400429	100270164
1245329219	78971008	96993386
1245329219	78971008	100991102
1245329219	78184548	100270164
1245329239	73400429	100270164
1245329239	78971008	96993386
1245329259	73400429	100270164
1245329259	100991102	96993386
1245329259	100991102	78971008
1245329259	96993386	78971008
1245329279	96993386	78971008
1245329279	78971008	100991102
1245329299	78971008	96993386
1245329299	78971008	100991102
1245329299	100991102	96993386
1245329319	100991102	96993386
1245329319	100991102	78971008
1245329319	96993386	78971008
1245329339	73400429	100270164
1245329339	96993386	78971008
1245329359	78971008	96993386
1245329359	78971008	100991102
1245329359	96993386	100991102
1245329379	96993386	78971008
1245329399	96993386	100991102
1245329399	96993386	78971008
1245329419	73400429	78184548
1245329419	96993386	78971008
1245329439	73400429	78184548
1245329439	96993386	78971008
1245329439	78184548	100270164
1245329439	96141424	77463652
1245329439	101318747	77463652
1245329459	73400429	78184548
1245329459	73400429	100270164
1245329459	78971008	96993386
1245329459	96141424	101318748
1245329459	96141424	90636411
1245329459	96141424	77463652
1245329459	96141424	100597871
1245329459	90636411	101318748
1245329459	90636411	77463652
1245329459	90636411	100597871
1245329459	100597871	101318748
1245329459	100597871	77463652
1245329459	101318748	77463652
1245329479	78971008	96993386
1245329479	90636411	101318748
1245329479	90636411	96141424
1245329479	90636411	77463652
1245329479	90636411	100597871
1245329479	78184548	100270164
1245329479	101318748	100597871
1245329479	101318748	77463652
1245329499	73400429	78184548
1245329499	90636411	101318748
1245329499	90636411	96141424
1245329499	96993386	78971008
1245329499	100597871	96141424
1245329499	96141424	77463652
1245329519	78971008	96993386
1245329519	96141424	101318748
1245329519	96141424	77463652
1245329519	96141424	90636411
1245329519	90636411	77463652
1245329519	101318748	100597871
1245329519	100597871	77463652
1245329539	90636411	100597871
1245329539	101318748	96141424
1245329539	100597871	77463652
1245329559	90636411	100597871
1245329559	96993386	78971008
1245329559	78184548	100270164
1245329559	101318748	96141424
1245329579	78971008	100991102
1245329579	90636411	100597871
1245329579	78184548	100270164
1245329579	101318748	96141424
1245329599	73400429	78184548
1245329599	90636411	100597871
1245329599	96993386	78971008
1245329619	73400429	78184548
1245329619	96141424	101318748
1245329619	96141424	90636411
1245329619	90636411	77463652
1245329619	96993386	78971008
1245329639	73400429	78184548
1245329639	90636411	96141424
1245329639	96993386	78971008
1245329639	96993386	100991102
1245329639	78184548	100270164
1245329639	78971008	100991102
1245329659	96141424	90636411
1245329659	101318748	100597871
1245329679	73400429	78184548
1245329679	96141424	101318748
1245329679	96141424	100597871
1245329679	90636411	100597871
1245329679	101318748	100597871
1245329699	78971008	96993386
1245329699	96141424	77463652
1245329699	90636411	100597871
1245329719	73400429	78184548
1245329719	90636411	100597871
1245329719	96993386	78971008
1245329719	96141424	77463652
1245329739	73400429	78184548
1245329739	90636411	100597871
1245329759	101318748	96141424
1245329759	90636411	96141424
1245329779	90636411	96141424
1245329779	96993386	78971008
1245329779	101318748	96141424
1245329779	100597871	77463652
1245329799	90636411	77463652
1245329799	90636411	100597871
1245329799	101318748	96141424
1245329799	101318748	100597871
1245329819	101318748	77463652
1245329819	101318748	100597871
1245329819	100597871	96141424
1245329839	94699631	103153760
1245329839	90636411	96141424
1245329859	101318748	96141424
1245329879	90636411	101318748
1245329899	90636411	101318748
1245329899	90636411	96141424
1245329899	90636411	77463652
1245329899	77463652	96141424
1245329899	104333410	100270164
1245329899	100270164	96141424
1245329919	73400429	96141424
1245329919	90636411	100270164
1245329919	90636411	96141424
1245329919	90636411	101318748
1245329919	100270164	100597871
1245329939	101318748	96141424
1245329959	73400429	78184548
1245329959	90636411	101318748
1245329959	96993386	100270164
1245329959	101318748	77463652
1245329979	90636411	101318748
1245329979	101318748	77463652
1245329999	73400429	78184548
1245329999	73400429	78971008
1245329999	100991102	78971008
1245329999	90636411	101318748
1245329999	96993386	78971008
1245330019	73400429	78184548
1245330019	90636411	101318748
1245330019	96993386	78971008
1245330019	101318748	77463652
1245330019	78971008	100991102
1245330039	73400429	78184548
1245330039	78971008	96993386
1245330039	78971008	100991102
1245330039	90636411	101318748
1245330059	73400429	78184548
1245330059	90636411	101318748
1245330059	96993386	78971008
1245330059	96993386	100991102
1245330059	101318748	77463652
1245330079	96141424	101318748
1245330079	96141424	77463652
1245330079	96141424	90636411
1245330079	78971008	96993386
1245330079	78971008	100991102
1245330079	100991102	96993386
1245330079	90636411	101318748
1245330079	101318748	77463652
1245330099	90636411	101318748
1245330099	101318748	96141424
1245330099	101318748	77463652
1245330119	90636411	101318748
1245330119	90636411	100597871
1245330139	90636411	100597871
1245330179	73400429	78184548
1245330179	103153761	96993386
1245330179	103153761	101318748
1245330179	103153761	96141424
1245330179	90636411	96141424
1245330179	101318748	96141424
1245330219	103153761	96993386
1245330219	90636411	100597871
1245330219	100270164	73269368
1245330239	90636411	101318748
1245330239	90636411	96141424
1245330239	90636411	77463652
1245330239	90636411	100597871
1245330239	101318748	96141424
1245330239	101318748	77463652
1245330239	101318748	100597871
1245330239	77463652	96141424
1245330239	77463652	100597871
1245330239	96141424	100597871
1245330259	73400429	78184548
1245330259	103153761	96993386
1245330259	90636411	96141424
1245330259	90636411	77463652
1245330259	90636411	100597871
1245330259	101318748	96141424
1245330259	77463652	96141424
1245330259	77463652	100597871
1245330259	96141424	100597871
1245330279	73400429	78184548
1245330279	73400429	100270164
1245330279	103153761	96993386
1245330279	78184548	100270164
1245330299	73400429	100270164
1245330299	78184548	100270164
1245330319	73400429	100270164
1245330339	73400429	78184548
1245330339	73400429	100270164
1245330339	103153761	96993386
1245330359	73400429	78184548
1245330359	103153761	96993386
1245330359	78184548	100270164
1245330379	73400429	78184548
1245330379	103153761	96993386
1245330379	78184548	100270164
1245330399	73400429	78184548
1245330399	98631776	96993386
1245330399	98631776	103153761
1245330419	73400429	78184548
1245330419	98631776	103153761
1245330419	103153761	96993386
1245330439	73400429	78184548
1245330439	73400429	100270164
1245330439	73400429	82444399
1245330439	103153761	96993386
1245330439	78184548	104333410
1245330439	78184548	100270164
1245330439	78184548	82444399
1245330439	82444399	100270164
1245330459	73400429	78184548
1245330459	73400429	100270164
1245330459	78184548	82444399
1245330519	103153761	96993386
1245330539	103153761	96993386
1245330559	103153761	96993386
1245330699	103153761	96993386
1245330699	78184549	82444400
1245330719	103153761	96993386
1245330719	78184549	73269368
1245330739	103153761	96993386
1245330759	104333411	100270165
1245330759	104333411	73269368
1245330759	100270165	73269368
1245330779	103153761	96993386
1245330779	104333411	100270165
1245330779	104333411	73269368
1245330779	100270165	73269368
1245330799	103153761	96993386
1245330799	104333411	73269368
1245330819	73400430	100597872
1245330819	103153761	96993386
1245330839	73400430	100597872
1245330839	103153761	96993386
1245330839	96993386	99680391
1245330859	73400430	100597872
1245330879	103153761	96993386
1245330919	73400430	100597872
1245330919	98631776	100270165
1245330939	73400430	100597872
1245330939	104333411	73269368
1245330939	100270165	73269368
1245330959	73400430	100597872
1245330959	104333411	73269368
1245330979	73400430	100597872
1245330979	104333411	73269368
1245330999	73400430	100597872
1245330999	104333411	73269368
1245331019	98631776	99680391
1245331019	103153761	96993386
1245331019	104333411	73269368
1245331039	103153761	96993386
1245331039	96993386	100597872
1245331039	104333411	73269368
1245331059	73400430	100597872
1245331079	103153761	96993386
1245331079	104333411	73269368
1245331099	103153761	96993386
1245331119	103153761	96993386
1245331119	104333411	73269368
1245331139	73400430	100597872
1245331139	103153761	96993386
1245331139	104333411	73269368
1245331159	73400430	100597872
1245331159	104333411	73269368
1245331179	73400430	100597872
1245331199	73400430	100597872
1245331199	103153761	96993386
1245331199	104333411	73269368
1245331219	73400430	100597872
1245331279	73400430	100597872
1245331279	103153761	96993386
1245331299	104333411	73269368
1245331319	73400430	100597872
1245331359	73400430	100597872
1245331359	103153761	96993386
1245331379	100597872	73269368
1245331419	103153761	96993386
1245331419	96993386	100597872
1245331479	73400430	100597872
1245331479	103153761	96993386
1245331499	73400430	100597872
1245331559	103153761	96993386
1245331579	73400430	100597872
1245331599	73400430	100597872
1245331599	103153761	96993386
1245331599	99680391	100597872
1245331619	103153761	96993386
1245331639	103153761	96993386
1245331639	104333411	73269368
1245331659	103153761	96993386
1245331679	73400430	96141425
1245331679	73400430	100597872
1245331679	103153761	96993386
1245331699	73400430	100597872
1245331719	103153761	96993386
1245331739	103153761	96993386
1245331819	103153761	96993386
1245331839	103153761	96993386
1245331859	103153761	96993386
1245331859	104333411	73269368
1245331879	103153761	96993386
1245331899	103153761	96993386
1245331919	103153761	96993386
1245331919	104333411	73269368
1245331939	103153761	96993386
1245331939	104333411	73269368
1245331959	94699632	104333411
1245331959	94699632	73269368
1245331959	103153761	96993386
1245331959	104333411	73269368
1245331959	104333411	100597873
1245331959	73269368	100597873
1245331979	103153761	96993386
1245331999	103153761	96993386
1245332019	103153761	96993386
1245332039	103153761	96993386
1245332059	103153761	96993386
1245332079	103153761	96993386
1245332099	103153761	96993386
1245332099	90636412	73269369
1245332119	103153761	96993386
1245332119	90636412	73269369
1245332139	103153761	96993386
1245332159	90636412	73269369
1245332179	103153761	96993386
1245332199	103153761	96993386
1245332199	90636412	73269369
1245332219	103153761	96993386
1245332219	90636412	73269369
1245332239	103153761	96993386
1245332259	103153761	96993386
1245332259	90636412	73269369
1245332279	103153761	96993386
1245332299	103153761	96993386
1245332299	90636412	73269369
1245332319	103153761	96993386
1245332319	90636412	73269369
1245332339	103153761	96993386
1245332359	103153761	96993386
1245332379	103153761	96993386
1245332399	103153761	96993386
1245332399	90636412	73269369
1245332419	103153761	96993386
1245332419	90636412	73269369
1245332439	103153761	96993386
1245332459	103153761	96993386
1245332459	90636412	73269369
1245332479	103153761	96993386
1245332499	103153761	96993386
1245332499	90636412	73269369
1245332519	103153761	96993386
1245332539	103153761	96993386
1245332539	90636412	73269369
1245332559	103153761	96993386
1245332579	103153761	96993386
1245332599	103153761	96993386
1245332619	103153761	96993386
1245332639	103153761	96993386
1245332639	90636412	73269369
1245332659	103153761	96993386
1245332659	90636412	73269369
1245332679	103153761	96993386
1245332679	90636412	73269369
1245332699	103153761	96993386
1245332699	90636412	73269369
1245332719	103153761	96993386
1245332719	90636412	73269369
1245332739	103153761	96993386
1245332759	103153761	96993386
1245332779	103153761	96993386
1245332799	103153761	96993386
1245332819	103153761	96993386
1245332859	103153761	96993386
1245332859	103153761	100597873
1245332859	96993386	100597873
1245332879	103153761	96993386
1245332879	103153761	100597873
1245332879	96993386	100597873
1245332959	90636412	73269369
1245333119	98631776	73269369
1245333319	90636412	73269369
1245333359	90636412	73269369
1245333559	75104355	96075902
1245333579	73597054	75104355
1245333579	73597054	96075902
1245333579	75104355	96075902
1245333599	73597054	75104355
1245333619	73597054	96075902
1245333639	73597054	96075902
1245333659	73597054	75104355
1245333679	73597054	75104355
1245333739	73597054	96075902
1245333779	73597054	75104355
1245333779	75104355	96075902
1245333799	73597054	96075902
1245333819	73597054	75104355
1245333819	90636412	73269369
1245333839	73597054	75104355
1245333839	90636412	73269369
1245333859	73597054	75104355
1245333859	90636412	73269369
1245333879	73597054	96075902
1245333899	73597054	75104355
1245333899	73597054	96075902
1245333899	75104355	96075902
1245333919	73597054	75104355
1245333919	75104355	96075902
1245333939	75104355	96075902
1245333979	73597054	96075902
1245333979	90636412	73269369
1245333999	73597054	75104355
1245333999	73597054	96075902
1245334019	73597054	75104355
1245334019	73597054	96075902
1245334039	73597054	75104355
1245334039	75104355	96075902
1245334059	73597054	75104355
1245334059	73597054	96075902
1245334059	75104355	96075902
1245334079	73597054	96075902
1245334079	73597054	75104355
1245334079	75104355	96075902
1245334099	73597054	75104355
1245334119	73597054	75104355
1245334119	90636412	73269369
1245334139	73597054	75104355
1245334139	73597054	96075902
1245334139	90636412	73269369
1245334139	75104355	96075902
1245334159	73597054	96075902
1245334159	73597054	75104355
1245334159	75104355	96075902
1245334179	74317929	76087406
1245334179	75104355	100270165
1245334179	75104355	96075902
1245334199	74317929	76087406
1245334199	75104355	96075902
1245334219	73597054	96075902
1245334219	73597054	75104355
1245334239	73597054	75104355
1245334239	74317929	100270165
1245334239	75104355	96075902
1245334279	73597054	75104355
1245334279	75104355	96075902
1245334339	75104355	96075902
1245334359	73597054	75104355
1245334359	75104355	96075902
1245334379	76087406	74317929
1245334419	73597054	96075902
1245334419	73597054	75104355
1245334419	74317929	76087406
1245334439	73597054	75104355
1245334439	75104355	96075902
1245334459	73597054	75104355
1245334519	73597054	75104355
1245334519	73597054	96075902
1245334539	73597054	75104355
1245334539	75104355	96075902
1245334559	73597054	75104355
1245334579	73597054	75104355
1245334599	73597054	75104355
1245334619	73597054	75104355
1245334679	73597054	96075902
1245334699	73597054	75104355
1245334699	73597054	96075902
1245334719	73597054	75104355
1245334719	90636412	73269369
1245334739	73597054	75104355
1245334739	73597054	96075902
1245334739	90636412	73269369
1245334759	74317929	76087406
1245334759	75104355	96075902
1245334779	73597054	75104355
1245334779	75104355	96075902
1245334799	90636412	73269369
1245334839	73597054	75104355
1245334839	75104355	96075902
1245334859	76087406	74317929
1245334879	73597054	75104355
1245334879	76087406	74317929
1245334899	74317929	76087406
1245334899	75104355	96075902
1245334959	73597054	96075902
1245334979	73597054	96075902
1245334999	73597054	75104355
1245335019	75104355	96075902
1245335079	73597054	75104355
1245335099	74317929	76087406
1245335119	73597054	75104355
1245335119	78184549	82444400
1245335139	73597054	75104355
1245335139	76087406	78184549
1245335139	76087406	82444400
1245335139	76087406	74317929
1245335139	82444400	78184549
1245335139	74317929	78184549
1245335159	78184549	82444400
1245335179	82444400	78184549
1245335199	76087406	96075902
1245335199	82444400	96075902
1245335199	78184549	96075902
1245335319	73269369	90636412
1245335859	90636412	73269369
1245335879	90636412	73269369
1245336019	90636412	73269369
1245336039	90636412	73269369
1245336079	73269369	90636412
1245336099	90636412	73269369
1245337319	73597055	75104356
1245337319	73597055	96075903
1245337339	73597055	78184550
1245337339	73597055	96075903
1245337339	73597055	104530039
1245337339	73597055	75104356
1245337339	78184550	104530039
1245337379	73597055	75104356
1245337379	78184550	96075903
1245337379	75104356	96075903
1245337379	104530039	96075903
1245337419	73597055	75104356
1245337419	78184550	96075903
1245337439	73597055	75104356
1245337439	75104356	104530039
1245337459	78184550	75104356
1245337459	75104356	96075903
1245337459	75104356	104530039
1245337479	73597055	75104356
1245337479	78184550	96075903
1245337479	78184550	75104356
1245337479	75104356	96075903
1245337499	73597055	75104356
1245337499	78184550	75104356
1245337499	75104356	96075903
1245337519	73597055	78184550
1245337519	73597055	96075903
1245337519	78184550	75104356
1245337519	78184550	96075903
1245337519	104530039	96075903
1245337519	75104356	96075903
1245337539	73597055	78184550
1245337539	73597055	96075903
1245337539	73597055	75104356
1245337539	78184550	75104356
1245337539	78184550	104530039
1245337539	78184550	96075903
1245337539	104530039	96075903
1245337539	75104356	96075903
1245337559	73597055	78184550
1245337559	73597055	96075903
1245337559	78184550	96075903
1245337559	78184550	75104356
1245337559	75104356	96075903
1245337559	104530039	96075903
1245337579	73597055	78184550
1245337579	78184550	75104356
1245337579	78184550	96075903
1245337599	78184550	75104356
1245337599	78184550	96075903
1245337599	75104356	96075903
1245337639	73597055	78184550
1245337639	73597055	96075903
1245337639	73597055	75104356
1245337639	78184550	96075903
1245337639	78184550	75104356
1245337639	75104356	96075903
1245337659	73597055	75104356
1245337659	78184550	104530039
1245337659	75104356	104530039
1245337679	78184550	75104356
1245337679	78184550	104530039
1245337679	75104356	104530039
1245337699	78184550	75104356
1245337699	78184550	96075903
1245337719	78184550	75104356
1245337719	101318749	78381165
1245337739	78184550	75104356
1245337739	101318749	78381165
1245337739	104530039	75104356
1245337759	73597055	78184550
1245337759	101318749	78381165
1245337759	75104356	104530039
1245337779	101318749	78381165
1245337799	78184550	96075903
1245337799	101318749	78381165
1245337819	73597055	78184550
1245337819	101318749	78381165
1245337839	73597055	78184550
1245337839	101318749	78381165
1245337859	101318749	78381165
1245337899	73597055	78184550
1245337899	101318749	78381165
1245337919	75104356	104530039
1245337939	73597055	78184550
1245337939	101318749	78381165
1245337959	78184550	75104356
1245337959	78184550	104530039
1245337979	73597055	75104356
1245337979	101318749	78381165
1245337999	73400431	104202340
1245337999	73597055	75104356
1245337999	101318749	78381165
1245338019	73400431	104202340
1245338019	101318749	78381165
1245338039	101318749	78381165
1245338059	73400431	104202340
1245338059	101318749	78381165
1245338059	75104356	104530039
1245338079	73597055	78184550
1245338079	73597055	75104356
1245338099	73400431	104202340
1245338099	73597055	96075903
1245338099	73597055	75104356
1245338099	101318749	78381165
1245338119	73400431	104202340
1245338119	73597055	75104356
1245338139	73400431	104202340
1245338139	78184550	96075903
1245338139	104530039	75104356
1245338159	73400431	104202340
1245338159	101318749	78381165
1245338159	104530039	75104356
1245338179	73400431	104202340
1245338179	101318749	78381165
1245338179	75104356	104530039
1245338199	73400431	104202340
1245338199	101318749	78381165
1245338199	104530039	75104356
1245338219	73400431	104202340
1245338219	101318749	78381165
1245338219	75104356	104530039
1245338239	73400431	104202340
1245338239	101318749	78381165
1245338239	75104356	96075903
1245338239	75104356	104530039
1245338259	73400431	104202340
1245338259	101318749	96075903
1245338259	101318749	78381165
1245338259	75104356	104530039
1245338259	78381165	96075903
1245338279	73400431	104202340
1245338279	101318749	78381165
1245338279	78381165	100270165
1245338279	77463653	104202340
1245338279	100270165	96075903
1245338279	104530039	75104356
1245338299	73400431	104202340
1245338299	104202340	77463653
1245338299	75104356	96075903
1245338319	73400431	104202340
1245338319	101318749	78381165
1245338319	104530039	96075903
1245338339	73400431	104202340
1245338339	73597055	75104356
1245338339	100597874	73269370
1245338339	104530039	96075903
1245338339	75104356	96075903
1245338359	73400431	104202340
1245338359	78184550	75104356
1245338359	101318749	78381165
1245338359	73269370	100597874
1245338379	73400431	104202340
1245338379	101318749	78381165
1245338379	78381165	100270165
1245338379	104530039	75104356
1245338399	101318749	78381165
1245338399	73269370	100597874
1245338419	73400431	104202340
1245338419	78184550	104530039
1245338419	78381165	75104356
1245338419	78381165	104530039
1245338419	75104356	96075903
1245338419	75104356	104530039
1245338439	73400431	104202340
1245338439	78184550	96075903
1245338439	78184550	78381165
1245338439	104530039	75104356
1245338459	73400431	104202340
1245338459	73597055	75104356
1245338459	73269370	100597874
1245338479	73597055	75104356
1245338479	101318749	78381165
1245338499	78184550	96075903
1245338499	78184550	75104356
1245338499	101318749	78381165
1245338499	75104356	96075903
1245338499	104530039	96075903
1245338519	101318749	78381165
1245338519	96075903	75104356
1245338519	96075903	104530039
1245338539	73400431	104202340
1245338539	78184550	96075903
1245338539	101318749	78381165
1245338539	75104356	96075903
1245338539	75104356	104530039
1245338539	104530039	96075903
1245338539	73269370	100597874
1245338559	73400431	104202340
1245338559	78184550	96075903
1245338559	73269370	100597874
1245338579	78184550	96075903
1245338579	101318749	78381165
1245338599	73400431	104202340
1245338599	101318749	78381165
1245338599	100597874	73269370
1245338599	96075903	104530039
1245338599	104530039	75104356
1245338619	101318749	78381165
1245338619	100597874	73269370
1245338619	75104356	96075903
1245338639	73400431	104202340
1245338639	101318749	78381165
1245338679	73400431	104202340
1245338719	73400431	104202340
1245338719	75104356	96075903
1245338739	73597055	75104356
1245338739	78184550	96075903
1245338799	104530039	75104356
1245338819	73269370	100597874
1245338839	73269370	100597874
1245338859	73269370	100597874
1245338879	73597055	78184550
1245338879	73597055	75104356
1245338879	78184550	75104356
1245338879	78184550	96075903
1245338879	100597874	73269370
1245338879	75104356	96075903
1245338899	78184550	75104356
1245338899	78184550	104530039
1245338899	75104356	104530039
1245338919	104530039	78184550
1245338919	78184550	75104356
1245338939	73400431	104202340
1245338939	73597055	96075903
1245338939	73597055	104530039
1245338939	78184550	96075903
1245338939	78184550	104530039
1245338939	78184550	75104356
1245338939	100597874	73269370
1245338959	73400431	104202340
1245338959	73597055	104530039
1245338959	78184550	75104356
1245338979	73400431	104202340
1245338979	73597055	75104356
1245338979	73597055	96075903
1245338999	73400431	104202340
1245338999	73597055	96075903
1245339019	73400431	104202340
1245339019	73597055	78184550
1245339019	78184550	75104356
1245339039	73400431	104202340
1245339039	94503011	102695033
1245339039	73597055	78184550
1245339039	73597055	96075903
1245339039	73597055	104530039
1245339039	73597055	75104356
1245339039	73269370	100597874
1245339039	75104356	96075903
1245339039	75104356	104530039
1245339039	104530039	96075903
1245339059	73400431	104202340
1245339059	73597055	75104356
1245339059	73597055	104530039
1245339079	73400431	104202340
1245339099	73269370	100597874
1245339139	73400431	104202340
1245339159	73400431	104202340
1245339179	73400431	104202340
1245339199	73400431	104202340
1245339199	73269370	100597874
1245339219	73400431	104202340
1245339219	94503011	102695033
1245339219	73269370	100597874
1245339239	73400431	104202340
1245339239	94503011	102695033
1245339239	100597874	73269370
1245339259	73400431	104202340
1245339259	73269370	100597874
1245339279	73400431	104202340
1245339299	73400431	104202340
1245339319	73400431	104202340
1245339339	73400431	104202340
1245339359	73400431	104202340
1245339379	73400431	104202340
1245339479	99680392	101843054
1245339479	73269370	100597874
1245339499	99680392	101843054
1245339519	99680392	101843054
1245339539	99680392	101843054
1245339559	73400431	104202340
1245339559	99680392	101843054
1245339579	73400431	104202340
1245339579	99680392	101843054
1245339599	73400431	104202340
1245339599	99680392	101843054
1245339619	99680392	101843054
1245339639	99680392	101843054
1245339659	73400431	104202340
1245339659	99680392	101843054
1245339679	73400431	104202340
1245339679	99680392	101843054
1245339699	99680392	101843054
1245339719	99680392	101843054
1245339739	99680392	101843054
1245339759	73400431	104202340
1245339759	99680392	101843054
1245339779	73400431	104202340
1245339799	73400431	104202340
1245339859	99680392	101843054
1245339879	99680392	101843054
1245339899	99680392	101843054
1245339919	99680392	101843054
1245339939	99680392	101843054
1245339959	99680392	101843054
1245339979	99680392	101843054
1245339999	99680392	101843054
1245340019	99680392	101843054
1245340059	99680392	101843054
1245340079	99680392	101843054
1245340139	99680392	101843054
1245340139	73269370	100597874
1245340179	73269370	100597874
1245340219	99680392	101843054
1245340239	99680392	101843054
1245340259	99680392	101843054
1245340279	99680392	101843054
1245340299	99680392	101843054
1245340319	99680392	101843054
1245340339	99680392	101843054
1245340359	99680392	101843054
1245340359	73269370	100597874
1245340439	73269370	100597874
1245340459	73269370	100597874
1245340499	73269370	100597874
1245340539	73269370	100597874
1245340559	73269370	100597874
1245340599	73269370	100597874
1245340639	73269370	100597874
1245340659	73269370	100597874
1245340739	73269370	100597874
1245340759	73269370	100597874
1245340799	73269370	100597874
1245341059	101253231	100597874
1245341159	101253231	73269370
1245341159	101253231	100597874
1245341179	101253231	100597874
1245341199	73400432	104202341
1245341199	73400432	102695034
1245341199	101253231	100597874
1245341199	104202341	102695034
1245341219	73400432	73597056
1245341219	73400432	104202341
1245341219	73400432	102695034
1245341219	73597056	104202341
1245341219	73597056	102695034
1245341219	101318750	75104357
1245341219	104202341	102695034
1245341259	101318750	78381166
1245341259	78381166	75104357
1245341259	78381166	104530040
1245341259	104333413	78184551
1245341259	75104357	104530040
1245341279	73400432	73597056
1245341279	75104357	104530040
1245341299	104333413	100466786
1245341299	75104357	104530040
1245341319	73597056	78184551
1245341319	90636413	75104357
1245341319	78184551	104530040
1245341319	78381166	104333413
1245341319	100597874	73269370
1245341319	104333413	100466786
1245341319	75104357	104530040
1245341339	73400432	100466786
1245341339	90636413	101318750
1245341339	90636413	104530040
1245341339	78381166	104333413
1245341339	78381166	102695034
1245341339	100597874	73269370
1245341339	78184551	76087407
1245341339	104530040	102695034
1245341359	73400432	102695034
1245341359	73597056	90636413
1245341359	90636413	75104357
1245341359	100597874	73269370
1245341359	104202341	104333413
1245341379	73400432	104333413
1245341379	73597056	90636413
1245341379	90636413	75104357
1245341379	90636413	104530040
1245341379	101318750	104530040
1245341379	75104357	104530040
1245341399	73400432	102695034
1245341399	73597056	78184551
1245341399	101253231	104530040
1245341419	73400432	100991103
1245341419	101318750	75104357
1245341419	101318750	104530040
1245341419	76087407	78184551
1245341419	104333413	75104357
1245341439	100991103	101253231
1245341439	104333413	75104357
1245341439	104333413	104530040
1245341439	78184551	100466786
1245341459	76087407	78184551
1245341459	78184551	100466786
1245341479	100991103	101253231
1245341479	78381166	78184551
1245341479	76087407	78184551
1245341479	104333413	75104357
1245341499	101253231	100991103
1245341499	78184551	78381166
1245341499	78184551	100466786
1245341499	104333413	104530040
1245341519	104333413	75104357
1245341519	104333413	104530040
1245341519	73269370	100597874
1245341539	100991103	101253231
1245341539	78381166	78184551
1245341539	78184551	100466786
1245341539	73269370	100597874
1245341559	100991103	101253231
1245341559	78381166	78184551
1245341559	78184551	100466786
1245341579	100466786	78184551
1245341599	78184551	100466786
1245341599	75104357	104530040
1245341599	73269370	100597874
1245341619	100991103	101253231
1245341619	78184551	100466786
1245341639	100991103	101253231
1245341639	78381166	78184551
1245341639	78184551	76087407
1245341639	78184551	100466786
1245341639	75104357	104530040
1245341659	90636413	78381166
1245341659	78184551	76087407
1245341659	101318750	75104357
1245341659	101318750	104530040
1245341659	75104357	104530040
1245341679	90636413	78184551
1245341679	90636413	78381166
1245341679	101253231	100466786
1245341679	101318750	75104357
1245341679	101318750	104530040
1245341679	104333413	104530040
1245341679	75104357	104530040
1245341699	101318750	104333413
1245341699	101318750	104530040
1245341699	104333413	104530040
1245341719	73597056	75104357
1245341719	73597056	104530040
1245341719	73597056	101318750
1245341719	90636413	78184551
1245341719	78184551	104202341
1245341719	104333413	75104357
1245341719	104333413	104530040
1245341719	75104357	104530040
1245341739	90636413	101253231
1245341739	76087407	78184551
1245341739	75104357	104530040
1245341759	73597056	101318750
1245341759	101253231	90636413
1245341759	75104357	104530040
1245341779	101318750	75104357
1245341799	73597056	75104357
1245341799	73597056	101318750
1245341799	100991103	101253231
1245341799	101318750	75104357
1245341799	104333413	100466786
1245341819	73597056	75104357
1245341819	73597056	101318750
1245341819	100991103	101253231
1245341819	101318750	75104357
1245341819	75104357	100466786
1245341839	73597056	75104357
1245341839	75104357	100466786
1245341859	73597056	104333413
1245341859	73597056	75104357
1245341859	75104357	100466786
1245341859	104530040	100466786
1245341879	73597056	101318750
1245341879	75104357	100466786
1245341899	73597056	101318750
1245341899	78381166	75104357
1245341899	78381166	104530040
1245341899	78381166	100466786
1245341899	75104357	100466786
1245341919	78381166	75104357
1245341919	78381166	104530040
1245341919	78381166	100466786
1245341919	75104357	100466786
1245341919	104530040	100466786
1245341939	78381166	75104357
1245341939	78381166	104530040
1245341939	78381166	100466786
1245341939	100466786	75104357
1245341939	78184551	76087407
1245341959	73597056	78184551
1245341959	73597056	78381166
1245341959	101318750	104530040
1245341959	78381166	104530040
1245341959	75104357	104530040
1245341959	104530040	100466786
1245341979	78381166	75104357
1245341979	75104357	100466786
1245341999	73400432	78381166
1245341999	100991103	101253231
1245341999	78184551	104333413
1245341999	75104357	104530040
1245341999	75104357	100466786
1245341999	104530040	100466786
1245342019	73400432	78381166
1245342019	73400432	100466786
1245342019	78184551	100466786
1245342019	101318750	104333413
1245342019	104333413	75104357
1245342019	75104357	104530040
1245342019	104530040	100466786
1245342039	73400432	100466786
1245342039	90636413	78184551
1245342039	78381166	100466786
1245342039	78184551	100466786
1245342059	73400432	100466786
1245342059	78184551	100466786
1245342079	73400432	78184551
1245342079	73400432	100466786
1245342079	78184551	100466786
1245342099	73400432	100466786
1245342099	90636413	101318750
1245342099	90636413	78381166
1245342099	78184551	100466786
1245342119	73400432	100466786
1245342119	78184551	100466786
1245342139	73400432	100466786
1245342139	77922398	90505336
1245342139	90636413	78381166
1245342139	78184551	100466786
1245342159	73400432	75104357
1245342159	73400432	78381166
1245342159	73400432	104202341
1245342159	73597056	100466786
1245342159	77922398	90505336
1245342159	90636413	75104357
1245342159	90636413	101318750
1245342159	78184551	100466786
1245342159	101318750	75104357
1245342159	78381166	76087407
1245342159	104333413	75104357
1245342179	104530040	100466786
1245342179	73597056	104333413
1245342179	90636413	75104357
1245342179	90636413	78381166
1245342179	101318750	104202341
1245342179	104202341	75104357
1245342179	78184551	100466786
1245342199	73400432	75104357
1245342199	73400432	102695034
1245342199	73597056	104333413
1245342199	77922398	90505336
1245342199	90636413	101318750
1245342199	78184551	75104357
1245342199	75104357	100466786
1245342219	73597056	101318750
1245342219	77922398	90505336
1245342219	90636413	78184551
1245342219	78381166	104202341
1245342219	78184551	75104357
1245342239	77922398	90505336
1245342239	90636413	78381166
1245342259	77922398	90505336
1245342259	90636413	78381166
1245342299	90636413	78381166
1245342299	101253231	100991103
1245342319	90636413	75104357
1245342319	104202341	100466786
1245342339	104202341	100466786
1245342359	90636413	78381166
1245342359	78381166	104333413
1245342359	104202341	102695034
1245342399	73400432	104530040
1245342399	90636413	78381166
1245342399	101318750	104530040
1245342419	90636413	78381166
1245342479	101318750	75104357
1245342479	78381166	104333413
1245342499	101253231	100991103
1245342499	78381166	104202341
1245342499	75104357	104530040
1245342539	73400432	100466786
1245342539	78381166	75104357
1245342539	104333413	75104357
1245342559	73400432	104530040
1245342559	73400432	99352664
1245342559	90505336	77922398
1245342559	90636413	99352664
1245342559	99352664	104530040
1245342559	104202341	100466786
1245342579	77922398	90505336
1245342579	75104357	104530040
1245342579	75104357	99352664
1245342599	90505336	77922398
1245342599	99352664	75104357
1245342619	101318750	78381166
1245342619	100466786	104202341
1245342619	104530040	99352664
1245342639	90636413	75104357
1245342639	90636413	104530040
1245342659	101318750	78381166
1245342659	100466786	104202341
1245342659	104333413	75104357
1245342659	75104357	102695034
1245342679	101318750	78381166
1245342679	101318750	100466786
1245342679	99352664	104333413
1245342699	90636413	104530040
1245342699	99352664	104333413
1245342699	101318750	100466786
1245342699	104530040	102695034
1245342719	73400432	104333413
1245342719	73400432	99352664
1245342719	73597057	104202341
1245342719	101318750	100466786
1245342719	101318750	104202341
1245342719	78381166	100466786
1245342719	99352664	104333413
1245342739	73597057	78184552
1245342739	73597057	101318750
1245342739	73597057	75104357
1245342739	100991103	101253231
1245342739	90636413	104530040
1245342739	101318750	78184552
1245342739	101318750	75104357
1245342739	101318750	104202341
1245342739	99352664	104333413
1245342739	78381166	100466786
1245342739	104202341	78184552
1245342739	78184552	75104357
1245342759	73400432	104333413
1245342759	73400432	99352664
1245342759	101318750	78184552
1245342759	101318750	75104357
1245342759	104333413	99352664
1245342759	99352664	102695034
1245342779	73400432	104333413
1245342779	73400432	99352664
1245342779	73597057	100466786
1245342779	90636413	104530040
1245342779	78184552	75104357
1245342779	101318750	75104357
1245342779	78381166	100466786
1245342779	104202341	75104357
1245342779	104333413	99352664
1245342799	73400432	99352664
1245342799	90636413	104530040
1245342799	101318750	75104357
1245342799	78381166	100466786
1245342799	104333413	99352664
1245342819	73400432	99352664
1245342819	73400432	102695034
1245342819	73597057	100466786
1245342819	101318750	75104357
1245342819	78381166	100466786
1245342819	99352664	104333413
1245342839	73400432	99352664
1245342839	73597057	78381166
1245342839	73597057	100466786
1245342839	90636413	104530040
1245342839	101318750	75104357
1245342839	99352664	104333413
1245342839	99352664	102695034
1245342839	78381166	100466786
1245342839	104333413	102695034
1245342859	90636413	104333413
1245342859	104333413	99352664
1245342859	99352664	102695034
1245342879	90636413	104333413
1245342879	90636413	76087407
1245342879	99352664	104333413
1245342879	99352664	104530040
1245342899	99352664	104333413
1245342899	99352664	104530040
1245342899	78381166	100466786
1245342919	73400432	104333413
1245342919	73597057	78184552
1245342919	73597057	99352664
1245342919	90636413	102695034
1245342919	99352664	75104357
1245342919	99352664	104202341
1245342919	104530040	102695034
1245342939	104530040	102695034
1245342959	78381166	100466786
1245342959	104530040	102695034
1245342979	104202341	99352664
1245342979	104530040	99352664
1245342999	100991103	101253231
1245342999	99352664	104530040
1245342999	99352664	104202341
1245343019	99352664	104530040
1245343019	99352664	104202341
1245343059	104530040	99352664
1245343079	104202341	99352664
1245343099	80150652	100335725
1245343119	80150652	100335725
1245343119	90636413	99352664
1245343159	80150652	100335725
1245343179	100335725	80150652
1245343179	78381166	104530040
1245343199	80150652	100335725
1245343199	78381166	78184552
1245343239	80150652	100335725
1245343259	90636413	99352664
1245343259	80150652	100335725
1245343279	80150652	100335725
1245343279	99352664	104333413
1245343299	100991103	101253231
1245343299	80150652	100335725
1245343299	104333413	99352664
1245343319	100991103	101253231
1245343319	80150652	100335725
1245343319	99352664	104333413
1245343339	80150652	100335725
1245343339	101318750	99352664
1245343339	104333413	99352664
1245343359	80150652	100335725
1245343359	101318750	99352664
1245343359	104333413	99352664
1245343359	104202341	99352664
1245343379	104530040	90636413
1245343379	80150652	100335725
1245343379	104202341	99352664
1245343399	73400432	99352664
1245343399	90636413	104530040
1245343399	101318750	102695034
1245343399	80150652	100335725
1245343399	104333413	99352664
1245343419	73400432	102695034
1245343419	104530040	101318750
1245343419	104530040	90636413
1245343419	90636413	101318750
1245343419	90636413	75104357
1245343419	101318750	78184552
1245343419	80150652	100335725
1245343419	99352664	104333413
1245343419	104202341	102695034
1245343419	78184552	100466786
1245343439	73597057	76087407
1245343439	73597057	78184552
1245343439	90636413	101318750
1245343439	101318750	104202341
1245343439	80150652	100335725
1245343459	90636413	75104357
1245343459	90636413	101318750
1245343459	101318750	104202341
1245343459	80150652	100335725
1245343459	75104357	104530040
1245343479	73597057	78184552
1245343479	80150652	100335725
1245343479	101318750	104202341
1245343479	90636413	104530040
1245343499	73597057	78184552
1245343499	80150652	100335725
1245343539	73597057	78184552
1245343539	73597057	102695034
1245343539	90636413	75104357
1245343539	90636413	100466786
1245343539	104530040	100466786
1245343559	104530040	100466786
1245343559	73597057	78184552
1245343559	101318750	90636413
1245343559	104333413	99352664
1245343579	73597057	78184552
1245343579	101318750	90636413
1245343579	99352664	104333413
1245343599	73400432	99352664
1245343599	73597057	78184552
1245343599	90636413	101318750
1245343599	90636413	104202341
1245343599	101318750	104202341
1245343599	80150652	100335725
1245343599	104530040	100466786
1245343619	73400432	104333413
1245343619	73400432	99352664
1245343619	73597057	78184552
1245343619	73597057	104530040
1245343619	99352664	104333413
1245343619	78184552	75104357
1245343619	104530040	100466786
1245343639	73400432	104333413
1245343639	73400432	99352664
1245343639	100991103	101253231
1245343639	99352664	104333413
1245343659	73400432	104333413
1245343659	73400432	99352664
1245343659	90636413	104202341
1245343659	99352664	104333413
1245343679	73400432	104333413
1245343679	73400432	99352664
1245343679	104530040	90636413
1245343679	99352664	104333413
1245343679	78184552	75104357
1245343699	73400432	104333413
1245343699	73400432	99352664
1245343699	104530040	90636413
1245343699	90636413	99352664
1245343699	80150652	100335725
1245343699	99352664	104333413
1245343699	104202341	100466786
1245343719	73400432	104333413
1245343719	73400432	99352664
1245343719	73597057	78184552
1245343719	90636413	104530040
1245343739	73400432	104333413
1245343739	73400432	99352664
1245343739	104530040	90636413
1245343739	99352664	104333413
1245343759	73400432	104333413
1245343759	73400432	99352664
1245343759	73597057	78184552
1245343759	78184552	102695034
1245343759	90636413	104530040
1245343759	99352664	104333413
1245343779	73400432	104333413
1245343779	73400432	99352664
1245343779	73597057	78184552
1245343779	104333413	99352664
1245343779	78184552	102695034
1245343799	73400432	104333413
1245343799	73597057	78184552
1245343799	73597057	102695034
1245343799	80150652	100335725
1245343799	101253231	104530040
1245343799	101253231	100466786
1245343819	73400432	104333413
1245343819	73400432	99352664
1245343819	73597057	102695034
1245343819	78184552	102695034
1245343819	75104357	104530040
1245343839	73400432	104333413
1245343839	73400432	99352664
1245343839	104530040	75104357
1245343839	80150652	100335725
1245343839	99352664	104333413
1245343859	73400432	104333413
1245343859	73400432	99352664
1245343859	90636413	75104357
1245343859	90636413	104530040
1245343859	104333413	104530040
1245343859	104333413	99352664
1245343859	75104357	104530040
1245343879	73400432	104333413
1245343879	73400432	99352664
1245343879	90636413	75104357
1245343879	101318750	78577761
1245343879	99352664	104333413
1245343899	73400432	104333413
1245343899	73400432	99352664
1245343899	104530040	100466786
1245343899	80150652	100335725
1245343899	100466786	78577761
1245343899	104333413	99352664
1245343919	73400432	104333413
1245343919	73400432	99352664
1245343919	100991103	101253231
1245343919	90636413	75104357
1245343919	104333413	99352664
1245343939	73400432	104333413
1245343939	73400432	99352664
1245343939	99352664	104333413
1245343959	73400432	104333413
1245343959	73400432	99352664
1245343959	73597057	78184552
1245343959	78184552	76087407
1245343959	90636413	75104357
1245343959	99352664	104333413
1245343979	73400432	99352664
1245343979	73597057	78184552
1245343979	76087407	78184552
1245343979	80150652	100335725
1245343979	99352664	104333413
1245343999	73400432	104333413
1245343999	73400432	99352664
1245343999	80150652	100335725
1245343999	90636413	100466786
1245343999	104333413	99352664
1245344019	73400432	102695034
1245344019	90636413	104530040
1245344019	80150652	100335725
1245344019	78381166	78577761
1245344019	100466786	102695034
1245344019	102695034	104333413
1245344019	104333413	99352664
1245344039	104530040	90636413
1245344039	99352664	102695034
1245344039	104333413	102695034
1245344059	101318750	104202341
1245344059	80150652	100335725
1245344059	78381166	104530040
1245344059	102695034	104333413
1245344059	102695034	99352664
1245344079	101253231	90636413
1245344079	101318750	104202341
1245344079	78381166	104530040
1245344079	99352664	104333413
1245344099	104530040	101318750
1245344099	104530040	78381166
1245344099	90636413	101253231
1245344099	101318750	104202341
1245344099	101318750	78577761
1245344099	99352664	104333413
1245344099	99352664	102695034
1245344119	73597057	78184552
1245344119	80150652	100335725
1245344119	101318750	104202341
1245344119	99352664	104333413
1245344119	99352664	102695034
1245344119	104333413	102695034
1245344139	73400432	104333413
1245344139	73597057	76087407
1245344139	99352664	104333413
1245344139	99352664	102695034
1245344159	73400432	104333413
1245344159	73400432	99352664
1245344159	73597057	76087407
1245344159	73597057	78184552
1245344159	80150652	100335725
1245344159	99352664	104333413
1245344159	102695034	100466786
1245344159	78381166	104530040
1245344159	78184552	76087407
1245344179	73400432	104333413
1245344179	73400432	99352664
1245344179	73597057	78184552
1245344179	73597057	76087407
1245344179	80150652	100335725
1245344179	99352664	104333413
1245344179	99352664	102695034
1245344179	78184552	76087407
1245344179	104333413	102695034
1245344199	73400432	104333413
1245344199	73400432	99352664
1245344199	73400432	102695034
1245344199	73597057	78184552
1245344199	73597057	76087407
1245344199	101318750	104202341
1245344199	99352664	104333413
1245344199	99352664	102695034
1245344199	102695034	104333413
1245344199	102695034	100466786
1245344199	78184552	76087407
1245344219	73400432	104333413
1245344219	73400432	99352664
1245344219	73597057	76087407
1245344219	73597057	78184552
1245344219	99352664	104333413
1245344219	78184552	76087407
1245344239	73400432	104333413
1245344239	73400432	99352664
1245344239	73597057	76087407
1245344239	73597057	100466786
1245344239	99352664	104333413
1245344259	73400432	104333413
1245344259	73597057	100466786
1245344259	78577761	75104357
1245344259	104333413	99352664
1245344259	75104357	99352664
1245344279	101318750	104202341
1245344279	78381166	104333413
1245344279	78577761	75104357
1245344299	101318750	104202341
1245344299	80150652	99352664
1245344299	78381166	104333413
1245344319	104530040	104333413
1245344319	104530040	78381166
1245344319	80150652	99352664
1245344319	101318750	104202341
1245344319	78381166	104333413
1245344339	104530040	104333413
1245344339	104530040	78381166
1245344339	78381166	104333413
1245344339	101318750	104202341
1245344359	104530040	78381166
1245344359	78381166	104333413
1245344359	101318750	104202341
1245344359	99352664	101253231
1245344359	78577761	104202341
1245344379	73400432	102695034
1245344379	78381166	104333413
1245344379	78577761	75104357
1245344419	90636413	75104357
1245344439	90636413	75104357
1245344459	78381166	104333413
1245344479	78381166	104333413
1245344479	78381166	104530040
1245344479	104333413	104530040
1245344499	78381166	104333413
1245344499	78381166	104530040
1245344499	90636413	75104357
1245344499	104333413	104530040
1245344519	90636413	75104357
1245344519	78381166	104333413
1245344519	78381166	104530040
1245344539	73400432	102695034
1245344539	90636413	75104357
1245344539	99352664	104333413
1245344539	78381166	104333413
1245344559	73400432	104333413
1245344559	90636413	75104357
1245344579	73400432	104333413
1245344599	90636413	75104357
1245344599	78577761	104202341
1245344619	73400432	104333413
1245344619	73400432	102695034
1245344619	90636413	75104357
1245344619	78577761	104202341
1245344639	73400432	104333413
1245344639	73400432	102695034
1245344639	73400432	90636413
1245344639	90636413	75104357
1245344639	78577761	104202341
1245344659	104530040	104333413
1245344659	90636413	75104357
1245344659	78577761	104202341
1245344679	73400432	102695034
1245344679	90636413	104333413
1245344679	99352664	104333413
1245344679	78577761	104202341
1245344699	73400432	102695034
1245344699	90636413	99352664
1245344699	101318750	104202341
1245344699	99352664	104333413
1245344699	78577761	104202341
1245344719	73400432	102695034
1245344719	101318750	104202341
1245344719	99352664	104333413
1245344719	78577761	104202341
1245344739	78381166	104333413
1245344739	101318750	104202341
1245344759	80150652	104333413
1245344759	101253231	90636413
1245344759	101318750	104202341
1245344759	90636413	75104357
1245344759	78577761	104333413
1245344759	78381166	104333413
1245344779	104530040	104333413
1245344779	101318750	104202341
1245344779	78577761	104333413
1245344779	78381166	104333413
1245344799	100991103	101253231
1245344799	101318750	104202341
1245344799	78381166	104333413
1245344819	100991103	101253231
1245344819	101318750	104202341
1245344819	101318750	78577761
1245344819	99352664	104333413
1245344819	78381166	104333413
1245344839	78381166	104333413
1245344839	101318750	104202341
1245344859	100991103	78577761
1245344859	101318750	104202341
1245344859	78381166	104333413
1245344899	90636413	75104357
1245344899	101318750	104202341
1245344919	101318750	104202341
1245344919	78381166	104333413
1245344939	101318750	104202341
1245344939	101318750	78577761
1245344939	90636413	75104357
1245344959	101318750	104202341
1245344959	101318750	78577761
1245344959	78381166	104333413
1245344959	104333413	104530040
1245344979	104530040	104333413
1245344979	104530040	78381166
1245344979	78381166	104333413
1245344979	90636413	75104357
1245344999	104530040	104333413
1245344999	90636413	75104357
1245345019	90636413	75104357
1245345039	90636413	75104357
1245345039	78381166	104333413
1245345059	100991103	101253231
1245345059	99352664	101253231
1245345059	90636413	75104357
1245345059	78381166	104333413
1245345079	100335725	80150652
1245345079	100991103	99352664
1245345079	90636413	75104357
1245345079	78381166	104333413
1245345099	104530040	75104357
1245345099	80150652	100335725
1245345099	90636413	75104357
1245345099	78381166	104333413
1245345099	104333413	75104357
1245345119	90636413	75104357
1245345119	90636413	104530040
1245345119	78381166	104333413
1245345119	75104357	104530040
1245345139	100335725	80150652
1245345139	90636413	75104357
1245345139	90636413	104530040
1245345139	99352664	104333413
1245345139	78381166	104333413
1245345139	101253231	104333413
1245345139	75104357	104530040
1245345159	104530040	75104357
1245345159	104530040	101318750
1245345159	104530040	90636413
1245345159	80150652	100335725
1245345159	99352664	104333413
1245345159	99352664	78577761
1245345159	101318750	75104357
1245345159	101318750	90636413
1245345159	78577761	104202341
1245345179	80150652	100335725
1245345179	99352664	104333413
1245345179	99352664	78577761
1245345179	101318750	75104357
1245345179	78381166	104530040
1245345179	78577761	104202341
1245345179	75104357	104530040
1245345199	101318750	75104357
1245345199	78381166	75104357
1245345219	90636413	75104357
1245345219	90636413	104530040
1245345219	90636413	78381166
1245345219	90636413	101318750
1245345219	78381166	104530040
1245345239	78381166	75104357
1245345239	78381166	104530040
1245345239	78381166	90636413
1245345239	101318750	90636413
1245345239	90636413	75104357
1245345239	90636413	104530040
1245345239	99352664	75104357
1245345239	78577761	104333413
1245345239	75104357	104530040
1245345259	80150652	100335725
1245345259	101318750	90636413
1245345259	90636413	104530040
1245345259	90636413	78381166
1245345259	78381166	104530040
1245345259	78577761	104333413
1245345259	75104357	99352664
1245345279	104530040	78381166
1245345279	104530040	90636413
1245345279	101318750	75104357
1245345279	80150652	100335725
1245345279	99352664	75104357
1245345299	100335725	80150652
1245345299	90636413	104530040
1245345299	78577761	104202341
1245345319	104530040	101318750
1245345319	104530040	75104357
1245345319	104530040	90636413
1245345319	101318750	75104357
1245345319	78577761	104202341
1245345339	90636413	75104357
1245345339	90636413	104530040
1245345339	90636413	78381166
1245345339	90636413	101318750
1245345339	101318750	75104357
1245345339	101318750	104530040
1245345339	101318750	78381166
1245345339	80150652	100335725
1245345339	99352664	104202341
1245345339	78381166	75104357
1245345339	78381166	104530040
1245345339	75104357	104530040
1245345359	104530040	101318750
1245345359	104530040	78381166
1245345359	100991103	101253231
1245345359	80150652	100335725
1245345359	101318750	78381166
1245345379	80150652	100335725
1245345399	100335725	80150652
1245345399	99352664	104202341
1245345419	100335725	80150652
1245345419	99352664	104202341
1245345439	80150652	100335725
1245345439	101253231	78577761
1245345439	99352664	104202341
1245345459	100335725	80150652
1245345459	99352664	104202341
1245345479	99352664	104202341
1245345499	100335725	80150652
1245345499	99352664	78577761
1245345519	100335725	80150652
1245345539	99352664	78577761
1245345559	99352664	78577761
1245345579	101253231	78577761
1245345579	99352664	78577761
1245345599	100991103	101253231
1245345599	101253231	78577761
1245345599	99352664	78577761
1245345619	100991103	101253231
1245345619	99352664	78577761
1245345639	100991103	101253231
1245345639	99352664	78577761
1245345659	99352664	78577761
1245345679	99352664	78577761
1245345719	99352664	78577761
1245345739	99352664	78577761
1245345759	99352664	78577761
1245345779	99352664	78577761
1245345799	80150652	100335725
1245345799	99352664	78577761
1245345819	80150652	101253231
1245345819	99352664	78577761
1245345839	80150652	101253231
1245345899	80150652	100335725
1245346059	100335725	80150652
1245346079	80150652	100335725
1245346099	80150652	100335725
1245346159	80150652	100335725
1245346179	80150652	78577762
1245346339	80150652	100335725
1245346359	80150652	100335725
1245346359	80150652	78577762
1245346699	101253231	100991103
1245346719	101253231	100991103
1245346779	101253231	100991103
1245346799	101253231	100991103
1245346819	101253231	100991103
