1243159539	104333372	83034195
1243159539	83034195	99352625
1243159559	104333372	83034195
1243159579	104333372	83034195
1243159599	83034195	99352625
1243159679	104333372	83034195
1243159699	104333372	83034195
1243159739	104333372	83034195
1243159759	104333372	83034195
1243159779	104333372	99352625
1243159779	99352625	83034195
1243159799	88604725	104529987
1243159799	88604725	73269309
1243159799	104529987	73269309
1243159819	88604725	104529987
1243159819	88604725	73269309
1243159819	88604725	74317883
1243159819	99352625	104333372
1243159819	74317883	104529987
1243159819	74317883	73269309
1243159819	104529987	73269309
1243159839	88604725	104529987
1243159839	88604725	73269309
1243159839	104529987	73269309
1243159859	99352625	104333372
1243159859	83034195	104333372
1243159859	104529987	73269309
1243159879	88604725	74317883
1243159879	99352625	104333372
1243159879	99352625	83034195
1243159879	74317883	73269309
1243159879	104529987	73269309
1243159899	99352625	104333372
1243159899	99352625	83034195
1243159899	83034195	104333372
1243159919	88604725	74317883
1243159919	83034195	104333372
1243159939	74317883	73269309
1243159959	99352625	104333372
1243159959	74317883	104529987
1243159979	88604725	73269309
1243159979	99352625	104333372
1243159979	74317883	73269309
1243159999	74317883	104333372
1243159999	74317883	73269309
1243160019	74317883	73269309
1243160019	83034195	104333372
1243160039	88604725	74317883
1243160039	83034195	104333372
1243160059	88604725	73269309
1243160059	99352625	83034195
1243160059	83034195	104333372
1243160059	104529987	73269309
1243160079	99352625	83034195
1243160079	74317883	73269309
1243160099	99352625	83034195
1243160099	74317883	73269309
1243160119	99352625	104333372
1243160139	88604725	73269309
1243160139	99352625	104333372
1243160159	88604725	73269309
1243160159	88604725	74317883
1243160159	99352625	83034195
1243160159	74317883	73269309
1243160179	88604725	74317883
1243160179	88604725	73269309
1243160179	99352625	104333372
1243160179	74317883	73269309
1243160219	99352625	104333372
1243160239	83034195	104333372
1243160299	104529987	73269309
1243160319	104529987	73269309
1243160339	88604725	74317883
1243160339	83034195	104333372
1243160359	83034195	104333372
1243160379	83034195	104333372
1243160439	104529987	73269309
1243160519	99352625	83034195
1243160539	84475966	77463619
1243160559	84475966	77463619
1243160579	84475966	77463619
1243160579	99352625	83034195
1243160599	84475966	77463619
1243160619	84475966	77463619
1243160619	104529987	73269309
1243160639	84475966	77463619
1243160659	99352625	86966345
1243160659	83034195	104333372
1243160679	84475966	77463619
1243160679	86966345	104333372
1243160699	84475966	77463619
1243160699	104202299	104333372
1243160719	84475966	77463619
1243160719	99352625	104333372
1243160739	88604725	73269309
1243160739	84475966	77463619
1243160759	88604725	73269309
1243160759	84475966	77463619
1243160779	84475966	77463619
1243160799	88604725	73269309
1243160799	84475966	77463619
1243160819	88604725	73269309
1243160839	88604725	73269309
1243160839	84475966	77463619
1243160839	74317883	73269309
1243160859	88604725	73269309
1243160859	84475966	77463619
1243160879	88604725	73269309
1243160879	84475966	77463619
1243160879	99352625	104333372
1243160879	83034195	104333372
1243160899	88604725	73269309
1243160899	84475966	77463619
1243160899	99352625	104333372
1243160919	88604725	73269309
1243160919	83034195	104333372
1243160939	88604725	73269309
1243160939	99352625	104333372
1243160939	74317883	73269309
1243160939	83034195	104333372
1243160939	73269309	104529987
1243160959	88604725	73269309
1243160959	83034195	104333372
1243160979	88604725	73269309
1243160979	84475966	77463619
1243160999	96141377	94175295
1243161019	84475966	77463619
1243161019	96141377	94175295
1243161039	96141377	75104324
1243161039	96141377	94175295
1243161039	84475966	77463619
1243161039	75104324	94175295
1243161059	84475966	77463619
1243161059	96141377	94175295
1243161079	84475966	77463619
1243161079	74317883	73269309
1243161079	75104324	94175295
1243161099	74317883	73269309
1243161099	75104324	94175295
1243161119	84475966	77463619
1243161119	75104324	94175295
1243161139	84475966	77463619
1243161139	83034195	104333372
1243161139	75104324	94175295
1243161159	84475966	77463619
1243161179	88604725	73269309
1243161179	84475966	77463619
1243161179	86966345	75104324
1243161179	86966345	94175295
1243161179	75104324	94175295
1243161199	84475966	77463619
1243161199	75104324	94175295
1243161219	84475966	77463619
1243161219	99352625	104333372
1243161239	84475966	77463619
1243161239	99352625	104333372
1243161239	99352625	83034195
1243161239	83034195	104333372
1243161239	75104324	94175295
1243161259	88604725	74317883
1243161259	84475966	77463619
1243161259	83034195	104333372
1243161279	84475966	77463619
1243161279	83034195	104333372
1243161299	83034195	104333372
1243161339	83034195	104333372
1243161339	73269309	104529987
1243161359	83034195	104333372
1243161379	83034195	104333372
1243161399	83034195	104333372
1243161419	83034195	104333372
1243161439	83034195	104333372
1243161439	75104324	94175295
1243161459	83034195	104333372
1243161479	83034195	104333372
1243161499	84475966	77463619
1243161499	83034195	104333372
1243161499	73269309	104529987
1243161519	84475966	77463619
1243161519	83034195	104333372
1243161539	83034195	104333372
1243161539	73269309	104529987
1243161559	83034195	104333372
1243161579	83034195	104333372
1243161599	99352625	83034195
1243161599	83034195	104333372
1243161639	104529987	73269309
1243161639	83034195	104333372
1243161659	104529987	73269309
1243161659	83034195	104333372
1243161679	104529987	74317883
1243161679	84475966	77463619
1243161679	83034195	104333372
1243161699	104529987	74317883
1243161699	83034195	104333372
1243161719	88604725	73269309
1243161719	84475966	77463619
1243161719	74317883	104529987
1243161719	83034195	104333372
1243161739	99352625	83034195
1243161739	83034195	104333372
1243161759	83034195	104333372
1243161759	77463619	86573121
1243161779	83034195	104333372
1243161779	77463619	84475966
1243161799	86573121	77463619
1243161799	83034195	104333372
1243161819	84475966	77463619
1243161819	83034195	104333372
1243161839	83034195	104333372
1243161859	83034195	104333372
1243161879	83034195	104333372
1243161899	86573121	77463619
1243161899	83034195	104333372
1243161939	83034195	104333372
1243161939	83034195	99352625
1243161939	88604725	74317883
1243161939	86573121	84475966
1243161939	86573121	77463619
1243161959	99352625	83034195
1243161959	83034195	104333372
1243161959	84475966	77463619
1243161979	99352625	83034195
1243161979	83034195	104333372
1243161979	77463619	84475966
1243161999	84475966	86573121
1243161999	84475966	77463619
1243161999	99352625	83034195
1243161999	83034195	104333372
1243161999	77463619	86573121
1243162019	84475966	77463619
1243162019	99352625	83034195
1243162019	86573121	77463619
1243162039	83034195	104333372
1243162039	83034195	99352625
1243162039	84475966	77463619
1243162059	84475966	77463619
1243162079	78839884	76021817
1243162079	77463619	84475966
1243162099	78839884	76021817
1243162099	74317883	73269309
1243162099	77463619	84475966
1243162099	75104324	94175295
1243162119	78839884	76021817
1243162119	84475966	77463619
1243162119	88604725	73269309
1243162119	75104324	94175295
1243162119	104529987	73269309
1243162139	83034195	104333372
1243162139	76021817	78839884
1243162139	86573121	84475966
1243162159	78839884	76021817
1243162159	88604725	73269309
1243162159	86573121	84475966
1243162159	74317883	73269309
1243162159	83034195	104333372
1243162179	76021817	78839884
1243162179	86573121	84475966
1243162179	88604725	73269309
1243162199	78839884	76021817
1243162199	88604725	73269309
1243162199	86573121	84475966
1243162199	86573121	77463619
1243162199	74317883	73269309
1243162199	83034195	104333372
1243162199	77463619	84475966
1243162199	75104324	94175295
1243162219	84475966	86573121
1243162219	84475966	77463619
1243162219	74317883	73269309
1243162219	88604725	73269309
1243162219	75104324	94175295
1243162239	84475966	86573121
1243162259	78839884	76021817
1243162259	86573121	84475966
1243162259	84475966	77463619
1243162279	84475966	86573121
1243162279	84475966	77463619
1243162279	86573121	77463619
1243162299	88604725	74317883
1243162299	86573121	84475966
1243162299	84475966	77463619
1243162319	78839884	76021817
1243162319	76021817	74317883
1243162319	86573121	84475966
1243162319	74317883	88604725
1243162339	78839884	76021817
1243162339	84475966	86573121
1243162339	84475966	77463619
1243162339	83034195	104333372
1243162359	78839884	76021817
1243162359	86573121	77463619
1243162379	104529987	73269309
1243162379	78839884	76021817
1243162379	84475966	77463619
1243162379	83034195	104333372
1243162379	77463619	86573121
1243162399	86573121	84475966
1243162399	86573121	77463619
1243162399	99352625	83034195
1243162399	83034195	104333372
1243162419	84475966	77463619
1243162439	84475966	77463619
1243162439	76021817	78839884
1243162439	77463619	86573121
1243162459	78839884	76021817
1243162459	99352625	104333372
1243162479	96141378	86966346
1243162479	78839884	76021817
1243162479	86573121	77463619
1243162479	99352625	104333372
1243162479	99352625	83034195
1243162479	83034195	104333372
1243162479	77463619	84475966
1243162499	78839884	86573121
1243162499	84475966	77463619
1243162499	86966346	96141378
1243162499	76021817	86573121
1243162499	75104324	94175295
1243162519	78839884	76021817
1243162519	84475966	77463619
1243162519	99352625	104333372
1243162519	83034195	104333372
1243162519	86573121	77463619
1243162539	88604725	74317883
1243162539	86573121	77463619
1243162539	77463619	84475966
1243162539	104529987	73269309
1243162559	88604725	74317883
1243162559	86573121	84475966
1243162559	86573121	77463619
1243162559	74317883	75104324
1243162559	74317883	94175295
1243162559	84475966	77463619
1243162559	75104324	94175295
1243162579	76021817	78839884
1243162579	86573121	84475966
1243162579	86573121	77463619
1243162579	74317883	75104324
1243162579	74317883	94175295
1243162579	77463619	84475966
1243162579	75104324	94175295
1243162599	76021817	104202299
1243162599	84475966	86573121
1243162599	84475966	77463619
1243162599	74317883	75104324
1243162599	77463619	86573121
1243162619	86573121	84475966
1243162619	86573121	77463619
1243162619	77463619	84475966
1243162639	84475966	86573121
1243162639	84475966	77463619
1243162639	86573121	77463619
1243162659	96141378	86966346
1243162659	84475966	86573121
1243162659	77463619	86573121
1243162679	78839884	76021817
1243162679	86573121	84475966
1243162679	86573121	77463619
1243162679	86966346	96141378
1243162679	83034195	104333372
1243162679	77463619	84475966
1243162699	96141378	86966346
1243162699	76021817	78839884
1243162699	84475966	86573121
1243162699	77463619	86573121
1243162719	86573121	77463619
1243162719	77463619	84475966
1243162739	78839884	76021817
1243162739	84475966	77463619
1243162739	86966346	96141378
1243162739	86573121	77463619
1243162759	84475966	86573121
1243162759	84475966	77463619
1243162759	86573121	77463619
1243162779	84475966	77463619
1243162779	86966346	96141378
1243162779	86573121	77463619
1243162799	76021817	78839884
1243162799	84475966	86573121
1243162799	84475966	77463619
1243162799	86573121	77463619
1243162819	83034195	104333372
1243162819	76021817	78839884
1243162819	86573121	84475966
1243162819	86573121	77463619
1243162819	86966346	96141378
1243162819	84475966	77463619
1243162839	83034195	104333372
1243162839	84475966	86573121
1243162839	84475966	77463619
1243162839	86966346	96141378
1243162839	86573121	77463619
1243162859	78839884	76021817
1243162859	84475966	77463619
1243162859	86966346	96141378
1243162859	83034195	104333372
1243162859	86573121	77463619
1243162879	83034195	104333372
1243162879	84475966	86573121
1243162879	84475966	77463619
1243162879	86966346	96141378
1243162879	86573121	77463619
1243162899	83034195	104333372
1243162899	84475966	86573121
1243162899	84475966	77463619
1243162899	86573121	77463619
1243162919	83034195	104333372
1243162919	86573121	84475966
1243162919	86573121	77463619
1243162919	84475966	77463619
1243162939	73400395	90636350
1243162939	84475966	77463619
1243162939	83034195	104333372
1243162939	86573121	77463619
1243162959	73400395	101318716
1243162959	90636350	104792146
1243162959	86573121	77463619
1243162959	101318716	104792146
1243162959	86966346	96141378
1243162959	83034195	104333372
1243162979	73400395	105906220
1243162979	73400395	74121266
1243162979	78839884	76021817
1243162979	90636350	101318716
1243162979	84475966	86573121
1243162979	74121266	105906220
1243162979	86966346	96141378
1243162979	83034195	104333372
1243162999	73400395	105906220
1243162999	73400395	74121266
1243162999	73400395	77267025
1243162999	96141378	86966346
1243162999	83034195	104333372
1243162999	90636350	101318716
1243162999	76021817	78839884
1243162999	74121266	105906220
1243162999	74121266	77267025
1243162999	105906220	77267025
1243163019	73400395	105906220
1243163019	96141378	86966346
1243163019	78839884	76021817
1243163019	84475966	86573121
1243163019	84475966	77463619
1243163019	74121266	105906220
1243163019	74121266	77267025
1243163019	83034195	104333372
1243163039	73400395	105906220
1243163039	73400395	74514520
1243163039	83034195	104333372
1243163039	90636350	104792146
1243163039	76021817	78839884
1243163039	101318716	104792146
1243163039	105906220	74514520
1243163039	84475966	77463619
1243163059	83034195	104333372
1243163059	90636350	101318716
1243163059	90636350	104792146
1243163059	76021817	78839884
1243163059	84475966	77463619
1243163059	101318716	104792146
1243163079	96141378	86966346
1243163079	83034195	104333372
1243163079	103153722	105906220
1243163079	90636350	104792146
1243163079	76021817	78839884
1243163079	84475966	77463619
1243163079	74121266	77267025
1243163099	103153722	105906220
1243163099	90636350	104792146
1243163099	84475966	86573121
1243163099	101318716	104792146
1243163099	83034195	104333372
1243163099	86573121	77463619
1243163119	77267025	74121266
1243163119	103153722	105906220
1243163119	84475966	86573121
1243163119	84475966	77463619
1243163119	86573121	77463619
1243163139	96141378	86966346
1243163139	90636350	101318716
1243163139	99352625	104333372
1243163139	86573121	77463619
1243163159	103153722	105906220
1243163159	90636350	101318716
1243163159	90636350	104792146
1243163159	86573121	84475966
1243163159	101318716	104792146
1243163159	83034195	104333372
1243163179	73400395	74121266
1243163179	77267025	74121266
1243163179	103153722	105906220
1243163179	90636350	104792146
1243163179	99352625	104333372
1243163199	73400395	74514520
1243163219	103153722	105906220
1243163219	103153722	74121266
1243163219	90636350	101318716
1243163219	86573121	84475966
1243163219	86573121	77463619
1243163219	74121266	77267025
1243163239	77267025	74121266
1243163239	90636350	101318716
1243163239	90636350	104792146
1243163239	86573121	77463619
1243163259	77267025	74121266
1243163259	90636350	104792146
1243163259	86573121	84475966
1243163259	86573121	77463619
1243163259	101318716	104792146
1243163259	86966346	96141378
1243163259	83034195	104333372
1243163259	84475966	77463619
1243163279	86573121	84475966
1243163279	86573121	77463619
1243163279	99352625	104333372
1243163279	99352625	83034195
1243163279	83034195	104333372
1243163299	73400395	74514520
1243163299	96141378	86966346
1243163299	86573121	84475966
1243163299	86573121	77463619
1243163299	99352625	104333372
1243163299	99352625	83034195
1243163299	83034195	104333372
1243163319	73400395	74514520
1243163319	96141378	86966346
1243163319	90636350	101318716
1243163319	84475966	86573121
1243163319	74121266	77267025
1243163319	99352625	104333372
1243163319	99352625	83034195
1243163319	83034195	104333372
1243163319	86573121	77463619
1243163339	86573121	84475966
1243163339	86573121	77463619
1243163339	83034195	104333372
1243163359	86573121	84475966
1243163359	86573121	77463619
1243163359	74121266	77267025
1243163359	105906220	74514520
1243163359	83034195	104333372
1243163359	84475966	77463619
1243163379	77267025	74121266
1243163379	86573121	84475966
1243163379	86573121	77463619
1243163379	105906220	74514520
1243163379	84475966	77463619
1243163399	103153722	105906220
1243163399	86573121	84475966
1243163399	86573121	77463619
1243163399	101318716	104792146
1243163399	99352625	104333372
1243163399	99352625	83034195
1243163399	83034195	104333372
1243163399	84475966	77463619
1243163419	77267025	74121266
1243163419	103153722	105906220
1243163419	90636350	101318716
1243163419	84475966	86573121
1243163419	84475966	77463619
1243163419	101318716	104792146
1243163419	83034195	104333372
1243163419	86573121	77463619
1243163439	96141378	86966346
1243163439	103153722	105906220
1243163439	86573121	84475966
1243163439	86573121	77463619
1243163439	83034195	104333372
1243163439	84475966	77463619
1243163459	77267025	74121266
1243163459	103153722	105906220
1243163459	84475966	86573121
1243163459	86966346	96141378
1243163459	86573121	77463619
1243163479	96141378	86966346
1243163479	103153722	105906220
1243163479	86573121	84475966
1243163479	86573121	77463619
1243163479	74121266	77267025
1243163479	83034195	104333372
1243163479	84475966	77463619
1243163479	84475966	104792146
1243163499	96141378	86573121
1243163499	86573121	84475966
1243163499	86573121	77463619
1243163499	101318716	104792146
1243163499	74121266	77267025
1243163499	84475966	77463619
1243163519	86573121	84475966
1243163519	86573121	77463619
1243163519	83034195	104333372
1243163539	86573121	84475966
1243163539	86573121	77463619
1243163559	84475966	86573121
1243163559	84475966	77463619
1243163559	83034195	104333372
1243163559	86573121	77463619
1243163579	90636350	101318716
1243163579	84475966	86573121
1243163579	83034195	104333372
1243163579	86573121	77463619
1243163599	90636350	104792146
1243163599	86573121	84475966
1243163619	83034195	104333372
1243163639	73400395	74514520
1243163639	96141378	86966346
1243163639	74121266	77267025
1243163639	83034195	104333372
1243163659	73400395	74514520
1243163659	90636350	101318716
1243163659	86966346	96141378
1243163659	83034195	104333372
1243163659	84475966	77463619
1243163679	73400395	74514520
1243163679	86966346	96141378
1243163679	83034195	104333372
1243163699	73400395	74514520
1243163699	96141378	86966346
1243163699	86573121	84475966
1243163699	86573121	77267025
1243163699	86573121	77463619
1243163719	73400395	74514520
1243163719	96141378	86966346
1243163719	86573121	77463619
1243163719	74121266	77267025
1243163739	73400395	74514520
1243163739	77267025	74121266
1243163739	86966346	96141378
1243163739	86573121	77463619
1243163759	73400395	74514520
1243163759	101318716	104792146
1243163759	74121266	77267025
1243163759	86573121	77463619
1243163779	73400395	74514520
1243163779	77267025	74121266
1243163779	86573121	77463619
1243163779	83034195	104333372
1243163779	84475966	77463619
1243163799	73400395	74514520
1243163799	90636350	104792146
1243163799	86573121	77463619
1243163799	83034195	104333372
1243163819	73400395	74514520
1243163819	103153722	105906220
1243163819	90636350	104792146
1243163819	86573121	84475966
1243163819	86573121	77463619
1243163819	83034195	104333372
1243163839	73400395	74514520
1243163839	103153722	105906220
1243163839	84475966	86573121
1243163839	84475966	77463619
1243163839	83034195	104333372
1243163839	86573121	77463619
1243163859	73400395	74514520
1243163859	103153722	105906220
1243163859	84475966	86573121
1243163859	84475966	77463619
1243163859	101318716	104792146
1243163859	86573121	77463619
1243163879	96141378	86966346
1243163879	103153722	105906220
1243163879	84475966	86573121
1243163879	84475966	77463619
1243163879	83034195	104333372
1243163879	86573121	77463619
1243163899	73400395	74514520
1243163899	84475966	86573121
1243163899	84475966	77463619
1243163899	86966346	96141378
1243163899	86573121	77463619
1243163919	73400395	74514520
1243163919	96141378	86966346
1243163919	103153722	105906220
1243163919	86573121	84475966
1243163919	86573121	77463619
1243163919	74121266	77267025
1243163919	84475966	77463619
1243163939	86573121	84475966
1243163939	86573121	77463619
1243163939	84475966	77463619
1243163959	73400395	74514520
1243163959	77267025	74121266
1243163959	103153722	105906220
1243163959	86573121	84475966
1243163959	86573121	77463619
1243163959	101318716	104792146
1243163959	84475966	77463619
1243163979	73400395	74514520
1243163979	90636350	101318716
1243163979	90636350	104792146
1243163979	86573121	84475966
1243163979	86573121	77463619
1243163979	101318716	104792146
1243163979	84475966	77463619
1243163999	73400395	74514520
1243163999	90636350	101318716
1243163999	90636350	104792146
1243163999	101318716	104792146
1243164019	73400395	74514520
1243164019	103153722	105906220
1243164019	90636350	104792146
1243164019	101318716	104792146
1243164019	86966346	96141378
1243164019	84475966	77463619
1243164039	103153722	105906220
1243164039	90636350	104792146
1243164059	103153722	105906220
1243164079	103153722	105906220
1243164099	73400395	74514520
1243164099	103153722	105906220
1243164119	73400395	74514520
1243164119	77267025	74121266
1243164119	103153722	105906220
1243164119	84475966	86573121
1243164119	74121266	74317884
1243164139	84475966	86573121
1243164139	84475966	77463619
1243164159	86573121	84475966
1243164159	86966346	96141378
1243164179	73400395	74514520
1243164179	84475966	86573121
1243164179	86966346	96141378
1243164199	96141378	86966346
1243164199	86573121	77463619
1243164239	86966346	96141378
1243164259	73400395	74514520
1243164259	86966346	96141378
1243164279	86573121	84475966
1243164299	84475966	86573121
1243164319	73400395	74514520
1243164319	86573121	84475966
1243164319	86966346	96141378
1243164339	73400395	74514520
1243164339	77267025	74121266
1243164339	84475966	86573121
1243164339	86966346	96141378
1243164359	73400395	74514520
1243164359	96141378	86966346
1243164359	84475966	86573121
1243164359	74121266	77267025
1243164379	73400395	74514520
1243164379	96141378	86966346
1243164379	86573121	84475966
1243164399	73400395	74514520
1243164399	96141378	86966346
1243164399	86573121	84475966
1243164419	73400395	74514520
1243164419	84475966	86573121
1243164419	84475966	77463619
1243164419	86966346	96141378
1243164419	86573121	77463619
1243164439	77267025	74121266
1243164439	86966346	96141378
1243164459	96141378	86966346
1243164459	103153722	105906220
1243164479	103153722	105906220
1243164479	86966346	96141378
1243164499	96141378	86966346
1243164519	103153722	105906220
1243164519	84475966	77463619
1243164519	86573121	77463619
1243164539	84475966	86573121
1243164539	84475966	77463619
1243164539	86573121	77463619
1243164559	86573121	84475966
1243164559	86573121	77463619
1243164559	86966346	96141378
1243164579	86573121	77463619
1243164619	74121266	77267025
1243164639	103153722	105906220
1243164659	103153722	105906220
1243164679	103153722	105906220
1243164699	103153722	105906220
1243164739	86573121	84475966
1243164739	84475966	77463619
1243164759	103153722	105906220
1243164759	99352626	104202300
1243164759	84475966	77463619
1243164779	103153722	105906220
1243164779	84475966	77463619
1243164799	84475966	86573121
1243164799	84475966	77463619
1243164799	104202300	104333373
1243164799	86573121	77463619
1243164819	84475966	86573121
1243164819	84475966	77463619
1243164819	104202300	104333373
1243164839	86573121	84475966
1243164839	86573121	77463619
1243164839	99352626	104202300
1243164839	84475966	77463619
1243164859	84475966	77463619
1243164859	99352626	104202300
1243164859	86573121	77463619
1243164879	84475966	77463619
1243164899	74121266	77267025
1243164919	74121266	77267025
1243164939	74121266	77267025
1243164939	84475966	77463619
1243164959	86573121	77463619
1243164959	74121266	77267025
1243164959	99352626	104333373
1243164959	84475966	77463619
1243164979	73400395	74514520
1243164979	74121266	77267025
1243164979	99352626	104333373
1243164979	86573121	77463619
1243164999	73400395	74514520
1243164999	74121266	77267025
1243165019	103153722	105906220
1243165019	74121266	77267025
1243165039	86573121	77463619
1243165039	74121266	77267025
1243165059	103153722	105906220
1243165059	74121266	77267025
1243165079	103153722	105906220
1243165079	84475966	86573121
1243165079	74121266	77267025
1243165099	103153722	105906220
1243165099	84475966	86573121
1243165099	84475966	77463619
1243165099	74121266	77267025
1243165099	99352626	104202300
1243165119	103153722	105906220
1243165119	74121266	77267025
1243165139	103153722	105906220
1243165139	74121266	77267025
1243165159	103153722	105906220
1243165159	84475966	86573121
1243165159	74121266	77267025
1243165159	99352626	104202300
1243165179	103153722	105906220
1243165179	84475966	86573121
1243165179	74121266	77267025
1243165179	99352626	104202300
1243165199	84475966	86573121
1243165199	84475966	77463619
1243165199	74121266	77267025
1243165219	103153722	105906220
1243165219	86573121	84475966
1243165219	74121266	77267025
1243165239	103153722	105906220
1243165239	84475966	86573121
1243165239	74121266	77267025
1243165259	103153722	105906220
1243165259	84475966	86573121
1243165259	84475966	77463619
1243165259	74121266	77267025
1243165279	103153722	105906220
1243165279	84475966	86573121
1243165279	84475966	77463619
1243165279	74121266	77267025
1243165279	77463619	86573121
1243165299	103153722	105906220
1243165299	86573121	84475966
1243165299	74121266	77267025
1243165299	84475966	77463619
1243165319	103153722	105906220
1243165319	84475966	86573121
1243165319	74121266	77267025
1243165319	99352626	104202300
1243165319	77463619	86573121
1243165339	103153722	105906220
1243165339	86573121	84475966
1243165339	86573121	77463619
1243165339	74121266	77267025
1243165359	103153722	105906220
1243165359	86573121	77463619
1243165359	74121266	77267025
1243165379	103153722	105906220
1243165379	86573121	77463619
1243165379	74121266	77267025
1243165399	103153722	105906220
1243165399	74121266	77267025
1243165399	86573121	77463619
1243165419	103153722	105906220
1243165419	74121266	77267025
1243165439	103153722	105906220
1243165439	74121266	77267025
1243165439	77463619	86573121
1243165459	103153722	105906220
1243165459	74121266	77267025
1243165479	74121266	77267025
1243165479	77463619	86573121
1243165499	103153722	105906220
1243165499	86573121	77463619
1243165499	74121266	77267025
1243165519	103153722	105906220
1243165519	86573121	77463619
1243165519	74121266	77267025
1243165519	99352626	104202300
1243165519	84475966	77463619
1243165539	74121266	77267025
1243165539	99352626	104333373
1243165539	99352626	104202300
1243165559	84475966	77463619
1243165559	74121266	77267025
1243165559	99352626	83034196
1243165559	99352626	104202300
1243165579	103153722	105906220
1243165579	74121266	77267025
1243165579	74121266	74317884
1243165579	99352626	83034196
1243165579	74317884	77267025
1243165579	74317884	77463619
1243165579	83034196	104202300
1243165599	103153722	105906220
1243165599	74121266	77267025
1243165599	74121266	74317884
1243165599	99352626	83034196
1243165599	99352626	104202300
1243165599	83034196	104333373
1243165599	83034196	104202300
1243165599	104202300	104333373
1243165619	73400395	74514520
1243165619	84475966	77463619
1243165619	74121266	77267025
1243165619	99352626	83034196
1243165619	83034196	104333373
1243165639	73400395	74514520
1243165639	74121266	77267025
1243165639	99352626	83034196
1243165639	83034196	104202300
1243165659	73400395	74514520
1243165659	103153722	105906220
1243165659	84475966	86573121
1243165659	84475966	77463619
1243165659	74121266	77267025
1243165659	99352626	83034196
1243165659	83034196	104202300
1243165679	84475966	86573121
1243165679	74121266	77267025
1243165679	99352626	104202300
1243165679	83034196	104333373
1243165699	103153722	105906220
1243165699	86573121	84475966
1243165699	74121266	77267025
1243165699	83034196	104202300
1243165699	104202300	104333373
1243165719	103153722	105906220
1243165719	86573121	84475966
1243165719	74121266	77267025
1243165719	99352626	104333373
1243165719	99352626	83034196
1243165739	84475966	86573121
1243165739	84475966	77463619
1243165739	74121266	77267025
1243165739	74514520	86573121
1243165759	73400395	74514520
1243165759	103153722	105906220
1243165759	84475966	74514520
1243165759	84475966	74121266
1243165759	74121266	86573121
1243165759	74121266	77267025
1243165759	99352626	104333373
1243165759	74514520	86573121
1243165759	74514520	77463619
1243165759	86573121	77267025
1243165779	103153722	105906220
1243165779	74121266	84475966
1243165779	74121266	77267025
1243165779	74121266	77463619
1243165779	77463619	84475966
1243165799	84475966	77463619
1243165799	74121266	77267025
1243165819	73400395	74514520
1243165819	74121266	77267025
1243165819	99352626	104202300
1243165839	103153722	74121266
1243165839	74121266	77267025
1243165859	73400395	74514520
1243165859	74121266	77267025
1243165899	73400395	74514520
1243165899	104202300	104333373
1243165919	73400395	74514520
1243165979	73400395	74514520
1243165999	73400395	74514520
1243166179	104333373	99352626
1243166279	73400396	101318717
1243166299	73400396	101318717
1243166319	73400396	101318717
1243166319	99352626	83034196
1243166339	99352626	83034196
1243166359	96141379	82444371
1243166359	90636351	86573122
1243166359	90636351	74514521
1243166359	99352626	104202300
1243166379	73400396	101318717
1243166379	96141379	77463620
1243166379	90636351	74514521
1243166379	99352626	104202300
1243166379	86966347	77267026
1243166399	73400396	86573122
1243166399	73400396	104792147
1243166399	77267026	86966347
1243166399	90636351	101318717
1243166399	82444371	96141379
1243166419	99352626	104202300
1243166439	90636351	74514521
1243166439	82444371	96141379
1243166439	99352626	104202300
1243166459	73400396	82444371
1243166459	90636351	104792147
1243166459	82444371	101318717
1243166459	82444371	77267026
1243166459	99352626	73269310
1243166459	104202300	73269310
1243166479	101318717	82444371
1243166479	73269310	104202300
1243166499	77267026	82444371
1243166499	90636351	74514521
1243166499	86573122	74514521
1243166499	82444371	101318717
1243166499	73269310	104202300
1243166519	90636351	74514521
1243166519	90636351	86573122
1243166519	82444371	101318717
1243166519	82444371	77267026
1243166539	73400396	101318717
1243166539	73400396	82444371
1243166539	90636351	74514521
1243166539	82444371	101318717
1243166539	86966347	77267026
1243166539	77267026	101318717
1243166559	73400396	101318717
1243166559	77267026	101318717
1243166559	90636351	74514521
1243166559	82444371	101318717
1243166579	73400396	101318717
1243166579	82444371	101318717
1243166579	77267026	101318717
1243166599	90636351	74514521
1243166619	82444371	96141379
1243166619	99352626	104202300
1243166639	90636351	74514521
1243166639	82444371	96141379
1243166639	99352626	104202300
1243166659	99352626	104202300
1243166679	90636351	104792147
1243166679	82444371	86966347
1243166679	99352626	104202300
1243166699	73400396	101318717
1243166699	90636351	86573122
1243166699	90636351	74514521
1243166699	86573122	74514521
1243166699	86573122	104792147
1243166699	82444371	86966347
1243166699	99352626	104202300
1243166699	74514521	104792147
1243166719	73400396	101318717
1243166719	90636351	104792147
1243166719	86573122	74514521
1243166719	99352626	104202300
1243166719	74514521	104792147
1243166739	73400396	101318717
1243166739	77267026	104792147
1243166739	99352626	104202300
1243166759	73400396	101318717
1243166759	90636351	86573122
1243166759	90636351	77267026
1243166759	90636351	74514521
1243166759	90636351	86966347
1243166759	82444371	101318717
1243166759	99352626	104202300
1243166759	86966347	74514521
1243166759	86966347	77267026
1243166779	73400396	101318717
1243166779	73400396	82444371
1243166779	101318717	82444371
1243166779	99352626	104202300
1243166799	73400396	82444371
1243166799	73400396	101318717
1243166799	90636351	74514521
1243166799	99352626	104202300
1243166799	96141379	77463620
1243166819	73400396	101318717
1243166819	96141379	82444371
1243166819	99352626	104202300
1243166839	73400396	101318717
1243166839	90636351	74514521
1243166839	99352626	104202300
1243166859	73400396	101318717
1243166859	90636351	74514521
1243166859	90636351	104792147
1243166859	82444371	96141379
1243166859	82444371	77463620
1243166859	99352626	104202300
1243166859	74514521	104792147
1243166879	73400396	101318717
1243166879	90636351	74514521
1243166879	90636351	104792147
1243166879	82444371	96141379
1243166879	99352626	104202300
1243166879	74514521	104792147
1243166899	73400396	101318717
1243166899	99352626	104202300
1243166919	90636351	86573122
1243166919	86573122	104792147
1243166919	82444371	96141379
1243166919	99352626	104202300
1243166939	96141379	82444371
1243166939	90636351	86573122
1243166939	90636351	74514521
1243166939	99352626	83034196
1243166939	99352626	104202300
1243166939	74514521	104792147
1243166959	77267026	82444371
1243166959	77267026	86966347
1243166959	90636351	74514521
1243166959	82444371	96141379
1243166959	99352626	83034196
1243166959	99352626	104202300
1243166979	73400396	101318717
1243166979	82444371	96141379
1243166979	82444371	77463620
1243166979	99352626	83034196
1243166979	99352626	104202300
1243166979	83034196	104202300
1243166999	73400396	101318717
1243166999	90636351	86573122
1243166999	90636351	74514521
1243166999	99352626	83034196
1243166999	99352626	104202300
1243166999	86966347	77267026
1243166999	83034196	104202300
1243167019	90636351	86573122
1243167019	99352626	83034196
1243167019	99352626	104202300
1243167019	83034196	104202300
1243167039	73400396	101318717
1243167039	90636351	86573122
1243167039	99352626	104202300
1243167059	73400396	101318717
1243167059	90636351	86573122
1243167059	99352626	83034196
1243167059	99352626	104202300
1243167059	83034196	104202300
1243167079	90636351	74514521
1243167079	99352626	104202300
1243167099	90636351	86573122
1243167099	99352626	83034196
1243167099	99352626	104202300
1243167119	73400396	101318717
1243167119	74121267	84475967
1243167119	99352626	104202300
1243167139	73400396	101318717
1243167139	84475967	74121267
1243167139	99352626	104202300
1243167159	73400396	101318717
1243167159	96141379	82444371
1243167159	99352626	104202300
1243167159	74514521	104792147
1243167179	73400396	101318717
1243167199	73400396	101318717
1243167199	99352626	104202300
1243167199	86966347	77267026
1243167219	73400396	101318717
1243167219	82444371	77463620
1243167219	99352626	104202300
1243167239	73400396	101318717
1243167239	73400396	104202300
1243167239	82444371	96141379
1243167239	82444371	77463620
1243167239	99352626	104202300
1243167239	83034196	104202300
1243167259	73400396	99352626
1243167259	101318717	99352626
1243167259	99352626	104202300
1243167279	96141379	77463620
1243167279	99352626	104202300
1243167299	73400396	77267026
1243167299	90636351	74514521
1243167299	99352626	104202300
1243167319	77267026	86966347
1243167319	99352626	104202300
1243167339	90636351	86573122
1243167339	90636351	99352626
1243167339	74121267	84475967
1243167339	99352626	104202300
1243167359	77267026	86966347
1243167359	99352626	86573122
1243167359	99352626	83034196
1243167359	99352626	104202300
1243167379	74121267	84475967
1243167399	90636351	86573122
1243167399	90636351	104792147
1243167399	90636351	74514521
1243167399	86573122	104792147
1243167399	99352626	83034196
1243167419	90636351	74514521
1243167419	99352626	104202300
1243167419	74514521	86573122
1243167439	99352626	104202300
1243167459	90636351	82444371
1243167459	82444371	96141379
1243167459	99352626	104202300
1243167479	96141379	82444371
1243167479	96141379	77463620
1243167479	99352626	83034196
1243167479	99352626	104202300
1243167479	74514521	77463620
1243167479	83034196	104202300
1243167499	96141379	82444371
1243167499	90636351	86573122
1243167499	86573122	104792147
1243167499	99352626	83034196
1243167519	90636351	86573122
1243167539	96141379	82444371
1243167559	77267026	86966347
1243167559	82444371	96141379
1243167559	74514521	104792147
1243167579	96141379	77463620
1243167599	86966347	77267026
1243167599	74514521	104792147
1243167619	77267026	86966347
1243167619	74514521	104792147
1243167639	74514521	104792147
1243167699	74514521	104792147
1243167719	73400396	101318718
1243167719	74514521	104792147
1243167719	96141379	77463620
1243167739	73400396	101318718
1243167739	77267026	86966347
1243167759	84475967	74121267
1243167779	84475967	74121267
1243167819	73400396	101318718
1243167819	82444371	96141379
1243167879	86573122	74514521
1243167879	74514521	104792147
1243167899	73400396	101318718
1243167899	86573122	74514521
1243167919	86573122	74514521
1243167919	74121267	84475967
1243167939	86573122	74514521
1243167939	74121267	84475967
1243167939	86966347	77267026
1243167959	84475967	74121267
1243167959	74514521	86573122
1243167999	74514521	104792147
1243168019	86573122	74514521
1243168019	86573122	104792147
1243168019	74514521	104792147
1243168039	74514521	104792147
1243168039	96141379	77463620
1243168099	73400396	101318718
1243168119	73400396	101318718
1243168139	73400396	101318718
1243168139	84475967	74121267
1243168159	73400396	101318718
1243168179	73400396	101318718
1243168199	73400396	101318718
1243168199	84475967	74121267
1243168279	73400396	101318718
1243168299	84475967	74121267
1243168299	96141379	77463620
1243168319	96141379	82444371
1243168339	73400396	101318718
1243168359	73400396	101318718
1243168359	84475967	74121267
1243168379	84475967	74121267
1243168419	84475967	74121267
1243168439	73400396	101318718
1243168439	84475967	74121267
1243168459	73400396	101318718
1243168479	73400396	101318718
1243168499	73400396	101318718
1243168519	73400396	101318718
1243168519	82444371	96141379
1243168539	73400396	101318718
1243168539	96141379	82444371
1243168559	76021818	104529988
1243168579	73400396	101318718
1243168579	84475967	74121267
1243168599	73400396	101318718
1243168599	76021818	75104325
1243168619	73400396	101318718
1243168619	96141379	82444371
1243168639	73400396	101318718
1243168639	96141379	77463620
1243168659	73400396	101318718
1243168659	82444371	96141379
1243168679	73400396	101318718
1243168679	76021818	105906221
1243168699	73400396	101318718
1243168699	76021818	75104325
1243168739	76021818	75104325
1243168739	76021818	104529988
1243168739	105906221	104529988
1243168759	75104325	104529988
1243168799	73400396	101318718
1243168819	76021818	104529988
1243168859	73400396	101318718
1243168879	73400396	101318718
1243168879	96141379	82444371
1243168879	96141379	77463620
1243168879	99680334	101318718
1243168899	96141379	82444371
1243168899	76021818	99680334
1243168919	73400396	101318718
1243168919	78577712	99680334
1243168919	96141379	82444371
1243168939	73400396	101318718
1243168939	78577712	99680334
1243168959	73400396	101318718
1243168959	78577712	99680334
1243168979	73400396	101318718
1243168979	78577712	99680334
1243168999	73400396	101318718
1243168999	96141379	82444371
1243169019	73400396	101318718
1243169019	96141379	82444371
1243169039	76021818	75104325
1243169039	78577712	99680334
1243169059	76021818	75104325
1243169079	76021818	99680334
1243169099	96141379	82444371
1243169119	96141379	82444371
1243169119	82444371	77463620
1243169159	104529988	76021818
1243169159	82444371	77463620
1243169179	76021818	99680334
1243169199	96141379	77463620
1243169199	84475967	74121267
1243169219	96141379	82444371
1243169239	77267027	104333374
1243169239	77267027	73269311
1243169239	77267027	104792148
1243169239	82444371	96141379
1243169239	73269311	104792148
1243169259	84475967	74121267
1243169259	82444371	96141379
1243169259	82444371	77463620
1243169259	104333374	77267027
1243169259	104333374	73269311
1243169259	104333374	104792148
1243169259	77267027	73269311
1243169259	77267027	104792148
1243169259	73269311	104792148
1243169279	77267027	104333374
1243169279	77267027	73269311
1243169279	77267027	104792148
1243169279	84475967	74121267
1243169279	82444371	77463620
1243169279	105906221	99680334
1243169279	73269311	104333374
1243169279	73269311	104792148
1243169279	96141379	77463620
1243169299	82444371	96141379
1243169299	82444371	77463620
1243169299	96141379	77463620
1243169319	82444371	96141379
1243169319	82444371	77463620
1243169319	77463620	96141379
1243169339	84475967	74121267
1243169339	82444371	77463620
1243169359	77267027	73269311
1243169359	77267027	104792148
1243169359	84475967	74121267
1243169359	73269311	104792148
1243169379	77267027	104333374
1243169379	84475967	74121267
1243169379	73269311	104333374
1243169399	76021818	104529988
1243169399	77267027	104333374
1243169399	77267027	73269311
1243169399	104333374	73269311
1243169419	77267027	104333374
1243169419	77267027	73269311
1243169419	77267027	104792148
1243169419	84475967	74121267
1243169419	104333374	73269311
1243169439	76021818	104529988
1243169439	84475967	74121267
1243169439	77267027	104333374
1243169439	77267027	73269311
1243169439	73269311	104333374
1243169459	77267027	104333374
1243169459	77267027	73269311
1243169459	73269311	104333374
1243169459	73269311	104792148
1243169459	104333374	104792148
1243169459	96141379	77463620
1243169479	82444371	77463620
1243169479	77267027	104333374
1243169479	77267027	73269311
1243169479	77267027	104792148
1243169479	73269311	104333374
1243169479	104333374	104792148
1243169499	77267027	104333374
1243169499	77267027	73269311
1243169499	77267027	104792148
1243169499	82444371	96141379
1243169499	104333374	73269311
1243169499	104333374	104792148
1243169499	75104325	104529988
1243169519	104529988	76021818
1243169519	104529988	75104325
1243169519	104333374	77267027
1243169519	104333374	73269311
1243169519	77267027	73269311
1243169539	77267027	104333374
1243169539	77267027	73269311
1243169539	82444371	96141379
1243169539	73269311	104333374
1243169539	75104325	104529988
1243169559	77267027	104333374
1243169559	76021818	104529988
1243169559	82444371	96141379
1243169559	82444371	77463620
1243169559	75104325	104529988
1243169579	82444371	96141379
1243169579	73269311	104333374
1243169579	73269311	104792148
1243169579	104333374	104792148
1243169599	104529988	76021818
1243169599	82444371	96141379
1243169619	77267027	104333374
1243169619	77267027	73269311
1243169619	76021818	104529988
1243169619	82444371	96141379
1243169619	99352627	83034197
1243169619	73269311	104333374
1243169639	104529988	75104325
1243169639	77267027	73269311
1243169639	82444371	96141379
1243169639	99352627	83034197
1243169659	104529988	76021818
1243169659	104529988	75104325
1243169659	76021818	75104325
1243169659	82444371	96141379
1243169659	99352627	83034197
1243169659	104333374	77267027
1243169659	104333374	73269311
1243169659	77267027	73269311
1243169679	104529988	75104325
1243169679	76021818	75104325
1243169679	82444371	96141379
1243169679	99352627	83034197
1243169679	104333374	77267027
1243169679	104333374	104792148
1243169679	77267027	73269311
1243169679	77267027	104792148
1243169699	104529988	75104325
1243169699	76021818	75104325
1243169699	99352627	83034197
1243169699	78577712	99680334
1243169699	105906221	99680334
1243169699	104333374	77267027
1243169699	104333374	73269311
1243169699	77267027	73269311
1243169719	77267027	104333374
1243169719	76021818	75104325
1243169719	76021818	104529988
1243169719	99352627	83034197
1243169719	104333374	73269311
1243169719	75104325	104529988
1243169739	76021818	75104325
1243169739	84475967	74121267
1243169739	99352627	83034197
1243169739	104333374	73269311
1243169739	73269311	104792148
1243169759	76021818	75104325
1243169759	84475967	74121267
1243169759	99352627	83034197
1243169759	104333374	77267027
1243169759	104333374	73269311
1243169759	73269311	104792148
1243169779	84475967	74121267
1243169779	99352627	83034197
1243169779	104333374	73269311
1243169779	73269311	104792148
1243169799	84475967	74121267
1243169799	99352627	83034197
1243169799	104333374	73269311
1243169819	74121267	78577712
1243169819	99352627	83034197
1243169819	78577712	99680334
1243169819	77267027	104792148
1243169839	77267027	73269311
1243169839	99352627	83034197
1243169839	104333374	73269311
1243169859	99352627	83034197
1243169879	99352627	83034197
1243169879	78577712	99680334
1243169879	104333374	104792148
1243169899	77267027	104333374
1243169899	77267027	73269311
1243169899	77267027	104792148
1243169899	84475967	74121267
1243169899	99352627	83034197
1243169919	77267027	104333374
1243169919	77267027	73269311
1243169919	84475967	74121267
1243169919	99352627	83034197
1243169919	78577712	99680334
1243169939	77267027	104333374
1243169939	77267027	73269311
1243169939	76021818	104529988
1243169939	84475967	74121267
1243169939	99352627	83034197
1243169959	77267027	104333374
1243169959	77267027	104792148
1243169959	84475967	74121267
1243169959	99352627	83034197
1243169979	99352627	83034197
1243169999	99352627	83034197
1243169999	104333374	104792148
1243170019	99352627	83034197
1243170019	104333374	77267027
1243170019	104333374	104792148
1243170019	77267027	104792148
1243170039	104333374	73269311
1243170059	77267027	104333374
1243170059	99352627	83034197
1243170059	78577712	99680334
1243170079	78577712	99680334
1243170079	104333374	77267027
1243170099	78577712	99680334
1243170099	104333374	77267027
1243170119	104333374	77267027
1243170139	99352627	83034197
1243170139	104333374	77267027
1243170139	104333374	73269311
1243170139	104333374	104792148
1243170139	77267027	73269311
1243170139	77267027	104792148
1243170159	77267027	104333374
1243170159	77267027	73269311
1243170159	77267027	104792148
1243170159	104333374	73269311
1243170159	104333374	104792148
1243170179	99352627	83034197
1243170179	104333374	77267027
1243170199	99352627	83034197
1243170199	104333374	73269311
1243170199	104333374	104792148
1243170199	73269311	104792148
1243170219	99352627	83034197
1243170219	104333374	77267027
1243170219	104333374	104792148
1243170219	77267027	73269311
1243170219	77267027	104792148
1243170219	73269311	104792148
1243170239	77267027	104333374
1243170239	77267027	104792148
1243170239	104333374	104792148
1243170239	73269311	104792148
1243170259	76021818	75104325
1243170259	99352627	83034197
1243170259	104333374	77267027
1243170259	104333374	73269311
1243170259	104333374	104792148
1243170259	77267027	104792148
1243170279	77267027	104333374
1243170279	104333374	73269311
1243170279	104333374	104792148
1243170299	104529988	76021818
1243170299	104333374	73269311
1243170299	104333374	104792148
1243170299	77267027	104792148
1243170319	77267027	104333374
1243170319	77267027	104792148
1243170319	99352627	83034197
1243170319	104333374	73269311
1243170319	104333374	104792148
1243170339	99352627	83034197
1243170339	104333374	73269311
1243170359	77267027	73269311
1243170359	73269311	104792148
1243170379	99352627	83034197
1243170379	104333374	77267027
1243170379	104333374	73269311
1243170379	77267027	73269311
1243170419	104333374	104792148
1243170419	77267027	73269311
1243170419	73269311	104792148
1243170439	77267027	73269311
1243170439	99352627	83034197
1243170439	104333374	73269311
1243170439	73269311	104792148
1243170459	76021818	75104325
1243170459	99352627	83034197
1243170459	104333374	73269311
1243170459	73269311	104792148
1243170479	77267027	73269311
1243170479	77267027	104792148
1243170479	104333374	73269311
1243170479	73269311	104792148
1243170499	77267027	73269311
1243170499	104333374	73269311
1243170519	77267027	104792148
1243170519	104333374	73269311
1243170519	73269311	104792148
1243170539	77267027	73269311
1243170539	99352627	83034197
1243170539	104333374	73269311
1243170559	77267027	104333374
1243170559	104333374	73269311
1243170559	73269311	104792148
1243170579	77267027	104333374
1243170579	77267027	73269311
1243170579	104333374	73269311
1243170579	73269311	104792148
1243170599	77267027	73269311
1243170599	99352627	83034197
1243170599	104333374	104792148
1243170619	104333374	77267027
1243170619	104333374	73269311
1243170639	77267027	104333374
1243170639	104333374	73269311
1243170639	73269311	104792148
1243170659	104333374	77267027
1243170659	104333374	104792148
1243170659	77267027	73269311
1243170659	77267027	104792148
1243170659	73269311	104792148
1243170679	77267027	104333374
1243170679	99352627	83034197
1243170679	104333374	73269311
1243170699	84475968	78577713
1243170699	104333374	77267027
1243170699	104333374	104792148
1243170719	77267027	104333374
1243170719	77267027	73269311
1243170719	77267027	104792148
1243170719	84475968	78577713
1243170719	99352627	83034197
1243170739	99352627	83034197
1243170739	104333374	77267027
1243170739	104333374	73269311
1243170739	77267027	73269311
1243170739	77267027	104792148
1243170739	73269311	104792148
1243170759	99352627	83034197
1243170759	104333374	77267027
1243170759	104333374	73269311
1243170759	77267027	73269311
1243170759	77267027	104792148
1243170779	77267027	104333374
1243170779	77267027	73269311
1243170779	77267027	104792148
1243170779	99352627	83034197
1243170779	104333374	73269311
1243170779	104333374	104792148
1243170779	73269311	104792148
1243170799	77267027	73269311
1243170799	77267027	104792148
1243170799	84475968	78577713
1243170799	99352627	83034197
1243170799	104333374	73269311
1243170799	104333374	104792148
1243170799	73269311	104792148
1243170819	77267027	73269311
1243170819	76021818	75104325
1243170819	76021818	104529988
1243170819	84475968	78577713
1243170819	99352627	83034197
1243170819	104333374	73269311
1243170819	73269311	104792148
1243170839	77267027	73269311
1243170839	84475968	78577713
1243170839	99352627	83034197
1243170839	104333374	73269311
1243170859	77267027	73269311
1243170859	77267027	104792148
1243170859	84475968	78577713
1243170879	104529988	76021818
1243170879	84475968	78577713
1243170879	77267027	73269311
1243170879	77267027	104792148
1243170899	77267027	73269311
1243170899	77267027	104792148
1243170899	74514522	86966348
1243170899	104333374	104792148
1243170919	84475968	78577713
1243170919	86966348	74514522
1243170939	78184509	74514522
1243170939	78184509	86966348
1243170939	99352627	83034197
1243170939	86966348	74514522
1243170959	104529988	76021818
1243170959	86966348	74514522
1243170959	74514522	78184509
1243170959	104333374	77267027
1243170979	77267027	104333374
1243170979	99352627	83034197
1243170979	86966348	78184509
1243170999	104529988	76021818
1243170999	104333374	77267027
1243171019	99352627	83034197
1243171019	86966348	78184509
1243171039	104529988	76021818
1243171039	99352627	83034197
1243171039	78577713	84475968
1243171039	104333374	77267027
1243171059	77267027	104333374
1243171059	84475968	78577713
1243171059	99352627	83034197
1243171059	74514522	78184509
1243171079	104529988	76021818
1243171079	78577713	84475968
1243171079	104333374	77267027
1243171079	104333374	73269311
1243171079	77267027	73269311
1243171099	77267027	104333374
1243171099	78184509	86966348
1243171099	78577713	84475968
1243171099	86966348	74514522
1243171099	104333374	73269311
1243171119	84475968	78577713
1243171119	74514522	78184509
1243171119	74514522	86966348
1243171119	86966348	78184509
1243171139	77267027	104333374
1243171139	78184509	74514522
1243171139	86966348	74514522
1243171159	104333374	77267027
1243171179	77267027	104333374
1243171199	77267027	104333374
1243171199	78184509	86966348
1243171199	78577713	84475968
1243171219	77267027	104333374
1243171219	76021818	104529988
1243171219	78184509	86966348
1243171219	78577713	84475968
1243171239	78577713	84475968
1243171259	77267027	104333374
1243171259	77267027	73269311
1243171259	76021818	104529988
1243171259	84475968	78577713
1243171259	86966348	74514522
1243171259	104333374	73269311
1243171279	77267027	104333374
1243171279	77267027	73269311
1243171279	84475968	78577713
1243171279	86966348	78184509
1243171279	86966348	74514522
1243171299	77267027	104333374
1243171299	77267027	73269311
1243171299	76021818	104529988
1243171299	84475968	78577713
1243171299	78577713	74514522
1243171299	74514522	78184509
1243171299	74514522	86966348
1243171299	86966348	78184509
1243171319	77267027	104333374
1243171319	78184509	74514522
1243171319	78184509	86966348
1243171319	78577713	74514522
1243171319	78577713	84475968
1243171319	86966348	74514522
1243171319	74514522	84475968
1243171319	104333374	73269311
1243171339	76021818	75104325
1243171339	78184509	74514522
1243171339	78184509	86966348
1243171339	78577713	84475968
1243171339	78577713	74514522
1243171339	74514522	86966348
1243171339	74514522	84475968
1243171359	104529988	76021818
1243171359	76021818	75104325
1243171359	84475968	78577713
1243171359	84475968	86966348
1243171359	78577713	86966348
1243171359	74514522	78184509
1243171359	74514522	86966348
1243171359	86966348	78184509
1243171379	76021818	75104325
1243171379	76021818	104529988
1243171379	84475968	78577713
1243171379	84475968	86966348
1243171379	78577713	74514522
1243171379	86966348	74514522
1243171379	74514522	78184509
1243171399	77267027	104333374
1243171399	76021818	75104325
1243171399	99352627	83034197
1243171399	74514522	78184509
1243171419	104529988	75104325
1243171419	74514522	78184509
1243171419	77267027	73269311
1243171439	76021818	104529988
1243171439	86966348	78184509
1243171439	74514522	78184509
1243171459	77267027	104333374
1243171459	76021818	104529988
1243171459	86966348	78184509
1243171479	74514522	78184509
1243171479	74514522	86966348
1243171479	86966348	78184509
1243171499	78184509	86966348
1243171499	86966348	74514522
1243171499	104333374	77267027
1243171499	77267027	73269311
1243171539	104529988	76021818
1243171539	78184509	74514522
1243171559	104333374	77267027
1243171579	77267027	104333374
1243171579	74514522	78184509
1243171579	78577713	84475968
1243171599	76021818	104529988
1243171599	101318719	74121268
1243171599	78577713	84475968
1243171619	76021818	104529988
1243171639	76021818	104529988
1243171659	77267027	104333374
1243171659	76021818	104529988
1243171659	78184509	74514522
1243171659	101318719	74121268
1243171679	101318719	74121268
1243171679	104333374	73269311
1243171679	77267027	73269311
1243171699	76021818	104529988
1243171699	104333374	73269311
1243171719	104529988	76021818
1243171719	76021818	75104325
1243171719	78577713	84475968
1243171719	104333374	73269311
1243171719	77267027	73269311
1243171739	77267027	104333374
1243171739	76021818	104529988
1243171759	104529988	76021818
1243171759	104333374	77267027
1243171759	77267027	73269311
1243171779	77267027	73269311
1243171799	99352627	83034197
1243171799	78577713	84475968
1243171819	104529988	76021818
1243171819	76021818	75104325
1243171819	84475968	78577713
1243171819	99352627	83034197
1243171819	104333374	77267027
1243171839	84475968	78577713
1243171839	99352627	83034197
1243171859	99352627	83034197
1243171859	78577713	84475968
1243171859	104333374	77267027
1243171879	84475968	78577713
1243171879	99352627	83034197
1243171899	104529988	76021818
1243171899	99352627	83034197
1243171919	104529988	76021818
1243171919	99352627	83034197
1243171919	104333374	77267027
1243171939	104529988	76021818
1243171939	99352627	83034197
1243171939	78577713	84475968
1243171939	104333374	77267027
1243171939	104333374	73269311
1243171959	77267027	104333374
1243171959	101318719	74121268
1243171959	104333374	73269311
1243171979	77267027	104333374
1243171979	76021818	104529988
1243171979	101318719	74121268
1243171979	99352627	83034197
1243171979	99680335	96141380
1243171979	104333374	73269311
1243171999	76021818	104529988
1243171999	101318719	74121268
1243171999	99352627	83034197
1243172019	96141380	99680335
1243172019	101318719	74121268
1243172019	99352627	83034197
1243172039	96141380	99680335
1243172039	101318719	74121268
1243172039	99352627	83034197
1243172039	78577713	84475968
1243172059	76021818	104529988
1243172059	101318719	74121268
1243172059	78577713	84475968
1243172059	77267027	104333374
1243172079	101318719	74121268
1243172079	99352627	83034197
1243172079	78577713	84475968
1243172079	104333374	73269311
1243172099	99680335	96141380
1243172099	101318719	74121268
1243172099	99352627	83034197
1243172099	104333374	73269311
1243172119	74514522	86966348
1243172119	76021818	104529988
1243172119	101318719	74121268
1243172119	77267027	104333374
1243172119	86966348	78184509
1243172119	104333374	73269311
1243172139	84475968	78577713
1243172139	101318719	74121268
1243172139	74514522	86966348
1243172159	104529988	76021818
1243172159	101318719	74121268
1243172179	74514522	86966348
1243172179	84475968	78577713
1243172179	101318719	74121268
1243172179	99352627	83034197
1243172179	104333374	73269311
1243172199	74514522	86966348
1243172199	84475968	78577713
1243172199	101318719	74121268
1243172199	104333374	73269311
1243172219	99680335	96141380
1243172219	84475968	78577713
1243172219	101318719	74121268
1243172219	99352627	83034197
1243172219	104333374	73269311
1243172239	76021818	75104325
1243172239	84475968	78577713
1243172239	101318719	74121268
1243172239	99352627	83034197
1243172239	73269311	104333374
1243172259	101318719	74121268
1243172259	99352627	83034197
1243172259	78577713	84475968
1243172279	101318719	74121268
1243172279	99352627	83034197
1243172299	73400397	77463621
1243172299	77267027	104333374
1243172299	78184509	86966348
1243172299	101318719	74121268
1243172299	99352627	83034197
1243172299	78577713	84475968
1243172299	104333374	73269311
1243172319	73400397	77463621
1243172319	77267027	73269311
1243172319	74514522	84475968
1243172319	74514522	86966348
1243172319	76021818	75104325
1243172319	84475968	78577713
1243172319	101318719	74121268
1243172319	99352627	83034197
1243172319	99680335	96141380
1243172319	86966348	78184509
1243172339	99680335	96141380
1243172339	101318719	74121268
1243172339	99352627	83034197
1243172359	104529988	76021818
1243172359	101318719	74121268
1243172359	99352627	83034197
1243172359	73269311	104333374
1243172359	104333374	77267027
1243172379	73400397	77463621
1243172379	104529988	76021818
1243172379	101318719	74121268
1243172379	99352627	83034197
1243172379	104333374	77267027
1243172379	104333374	73269311
1243172379	77267027	73269311
1243172399	73400397	77463621
1243172399	101318719	74121268
1243172399	99352627	83034197
1243172419	73400397	77463621
1243172419	77267027	104333374
1243172419	74514522	78184509
1243172419	101318719	74121268
1243172419	99352627	83034197
1243172419	78577713	84475968
1243172439	74514522	78184509
1243172439	101318719	74121268
1243172439	99352627	83034197
1243172439	78577713	84475968
1243172439	73269311	77267027
1243172439	104333374	77267027
1243172459	77267027	104333374
1243172459	99680335	96141380
1243172459	78184509	74514522
1243172459	101318719	74121268
1243172479	73400397	77463621
1243172479	77267027	104333374
1243172479	101318719	74121268
1243172479	73269311	104333374
1243172499	73400397	77463621
1243172499	78184509	74514522
1243172499	78184509	86966348
1243172499	101318719	74121268
1243172499	104333374	77267027
1243172519	73400397	77463621
1243172519	77267027	104333374
1243172519	77267027	74121268
1243172519	99680335	96141380
1243172519	101318719	74121268
1243172539	101318719	74121268
1243172559	73400397	77463621
1243172559	101318719	104333374
1243172559	101318719	74121268
1243172559	101318719	77267027
1243172559	74121268	104333374
1243172559	74121268	77267027
1243172559	78577713	84475968
1243172559	104333374	77267027
1243172579	73400397	77463621
1243172579	84475968	78577713
1243172579	101318719	74121268
1243172599	73400397	77463621
1243172599	101318719	74121268
1243172619	73400397	77463621
1243172619	101318719	74121268
1243172619	99352627	84475968
1243172619	78577713	84475968
1243172619	83034197	84475968
1243172639	78184509	74514522
1243172639	101318719	74121268
1243172639	78577713	84475968
1243172659	74514522	78184509
1243172659	76021818	104529988
1243172659	101318719	74121268
1243172679	73400397	77463621
1243172679	104529988	76021818
1243172679	99680335	96141380
1243172679	101318719	74121268
1243172699	73400397	77463621
1243172699	101318719	74121268
1243172719	73400397	99352627
1243172719	101318719	74121268
1243172719	99352627	83034197
1243172739	101318719	74121268
1243172759	73400397	77463621
1243172759	101318719	74121268
1243172759	99352627	83034197
1243172779	101318719	74121268
1243172799	74514522	78184509
1243172799	76021818	104529988
1243172799	101318719	74121268
1243172819	73400397	77463621
1243172819	96141380	99680335
1243172819	76021818	75104325
1243172819	76021818	104529988
1243172819	101318719	74121268
1243172819	78577713	84475968
1243172839	96141380	99680335
1243172839	101318719	74121268
1243172859	96141380	99680335
1243172859	84475968	78577713
1243172859	101318719	74121268
1243172859	78184509	86966348
1243172879	96141380	99680335
1243172879	76021818	104529988
1243172879	101318719	74121268
1243172879	78577713	84475968
1243172899	104529988	74121268
1243172899	76021818	101318719
1243172899	76021818	74121268
1243172899	76021818	75104325
1243172899	101318719	75104325
1243172899	101318719	74121268
1243172899	74121268	75104325
1243172919	104529988	76021818
1243172919	104529988	101318719
1243172919	104529988	74121268
1243172919	104529988	75104325
1243172919	99680335	96141380
1243172919	76021818	75104325
1243172919	76021818	74121268
1243172919	76021818	101318719
1243172919	78184509	74514522
1243172919	101318719	74121268
1243172919	101318719	75104325
1243172919	74121268	75104325
1243172939	76021818	75104325
1243172939	76021818	74121268
1243172939	76021818	101318719
1243172939	101318719	75104325
1243172939	101318719	74121268
1243172939	74121268	75104325
1243172939	78577713	84475968
1243172959	73400397	77463621
1243172959	78184509	86966348
1243172959	78184509	78577713
1243172959	101318719	74121268
1243172959	78577713	84475968
1243172959	78577713	86966348
1243172979	96141380	99680335
1243172979	78184509	84475968
1243172979	78184509	78577713
1243172979	78577713	84475968
1243172999	78577713	84475968
1243172999	74514522	86966348
1243173019	78577713	84475968
1243173059	99680335	96141380
1243173079	73400397	77463621
1243173079	99680335	96141380
1243173139	99680335	96141380
1243173279	99680335	96141380
1243173299	99680335	96141380
1243173319	86966348	74514522
1243173379	99680335	96141380
1243173439	99680335	96141380
1243173459	99680335	96141380
1243173479	99680335	96141380
1243173499	99680335	96141380
1243173519	73400397	77463621
1243173539	99680335	96141380
1243173579	86966348	74514522
1243173599	99680335	96141380
1243173679	86966348	74514522
1243173699	78184509	74514522
1243173719	99680335	96141380
1243173719	78184509	74514522
1243173719	78184509	86966348
1243173739	78184509	74514522
1243173739	78184509	86966348
1243173739	86966348	74514522
1243173839	99680335	96141380
1243174339	84475969	78577714
1243174339	78577714	78184510
1243174359	78184510	78577714
1243174359	84475969	78577714
1243174379	78184510	78577714
1243174379	84475969	78577714
1243174399	78184510	84475969
1243174399	78184510	78577714
1243174399	78577714	84475969
1243174419	78184510	84475969
1243174419	78184510	78577714
1243174419	84475969	78577714
1243174439	78184510	78577714
1243174439	78577714	84475969
1243174459	84475969	78577714
1243174479	78184510	78577714
1243174479	78577714	84475969
1243174499	78184510	78577714
1243174499	78577714	84475969
1243174519	78184510	78577714
1243174519	78577714	84475969
1243174539	78184510	78577714
1243174539	78577714	84475969
1243174559	78184510	78577714
1243174559	84475969	78577714
1243174579	78184510	84475969
1243174579	78184510	78577714
1243174579	78577714	84475969
1243174599	84475969	78184510
1243174599	84475969	78577714
1243174599	78184510	78577714
1243174619	78184510	78577714
1243174619	78577714	84475969
1243174639	84475969	78184510
1243174639	84475969	78577714
1243174639	78184510	78577714
1243174659	78184510	78577714
1243174659	78577714	84475969
1243174679	78577714	84475969
1243174699	78577714	84475969
1243174719	78184510	84475969
1243174719	78184510	78577714
1243174719	78577714	84475969
1243174739	84475969	78577714
1243174759	73400398	75104326
1243174759	73400398	77267028
1243174759	78577714	84475969
1243174759	75104326	77267028
1243174779	73400398	77267028
1243174779	78184510	78577714
1243174779	78577714	84475969
1243174779	75104326	77267028
1243174799	73400398	77267028
1243174799	78184510	78577714
1243174799	78577714	84475969
1243174799	77267028	94175296
1243174819	73400398	77267028
1243174819	84475969	78184510
1243174819	78577714	78184510
1243174839	73400398	77267028
1243174839	73400398	94175296
1243174839	78577714	84475969
1243174839	75104326	77267028
1243174839	75104326	94175296
1243174859	73400398	77267028
1243174859	73400398	94175296
1243174859	84475969	78577714
1243174859	78577714	78184510
1243174879	84475969	78577714
1243174899	78184510	78577714
1243174899	78577714	84475969
1243174919	73400398	77267028
1243174919	84475969	78577714
1243174919	78577714	78184510
1243174919	75104326	94175296
1243174939	73400398	77267028
1243174939	84475969	78184510
1243174939	84475969	78577714
1243174939	78577714	78184510
1243174939	75104326	77267028
1243174939	75104326	94175296
1243174959	84475969	78577714
1243174959	78577714	78184510
1243174979	78184510	78577714
1243174979	78577714	84475969
1243174999	73400398	77267028
1243174999	84475969	78577714
1243174999	78577714	78184510
1243175019	73400398	77267028
1243175019	73400398	94175296
1243175019	78184510	78577714
1243175019	78577714	84475969
1243175039	78184510	78577714
1243175039	78577714	84475969
1243175059	84475969	78577714
1243175079	73400398	94175296
1243175079	78184510	84475969
1243175079	78184510	78577714
1243175079	78577714	84475969
1243175099	73400398	94175296
1243175099	84475969	78577714
1243175099	78577714	78184510
1243175119	73400398	94175296
1243175119	78184510	84475969
1243175119	78184510	78577714
1243175119	78577714	84475969
1243175139	73400398	77267028
1243175139	73400398	94175296
1243175159	73400398	77267028
1243175159	78184510	84475969
1243175159	78184510	78577714
1243175159	78577714	84475969
1243175179	78577714	78184510
1243175199	78184510	84475969
1243175199	78184510	78577714
1243175199	78577714	84475969
1243175219	78184510	78577714
1243175219	75104326	94175296
1243175239	73400398	77267028
1243175239	78184510	78577714
1243175239	78577714	84475969
1243175259	73400398	75104326
1243175259	78184510	78577714
1243175279	73400398	75104326
1243175279	73400398	94175296
1243175279	75104326	94175296
1243175299	77267028	94175296
1243175319	73400398	77267028
1243175319	77267028	94175296
1243175339	73400398	94175296
1243175359	76021819	82444373
1243175359	76021819	86966349
1243175359	82444373	86966349
1243175379	73400398	77267028
1243175379	78184510	84475969
1243175399	73400398	94175296
1243175399	78184510	78577714
1243175399	82444373	86966349
1243175399	78577714	84475969
1243175419	78184510	78577714
1243175419	78577714	84475969
1243175439	76021819	82444373
1243175439	78184510	78577714
1243175439	82444373	86966349
1243175459	78184510	78577714
1243175479	78184510	84475969
1243175479	78184510	78577714
1243175479	78577714	84475969
1243175499	78577714	84475969
1243175519	84475969	78184510
1243175519	84475969	78577714
1243175519	82444373	86966349
1243175539	84475969	78577714
1243175539	78577714	78184510
1243175559	78577714	84475969
1243175579	78577714	78184510
1243175599	73400398	77267028
1243175599	73400398	94175296
1243175599	78184510	84475969
1243175599	78577714	84475969
1243175599	75104326	94175296
1243175599	77267028	94175296
1243175619	73400398	94175296
1243175619	77267028	94175296
1243175619	84475969	78577714
1243175619	78577714	78184510
1243175639	78184510	84475969
1243175639	78184510	78577714
1243175639	82444373	86966349
1243175659	73400398	75104326
1243175659	73400398	77267028
1243175659	76021819	82444373
1243175659	84475969	78577714
1243175679	82444373	86966349
1243175679	78577714	84475969
1243175699	84475969	78184510
1243175699	84475969	78577714
1243175699	82444373	86966349
1243175699	78577714	78184510
1243175719	84475969	78184510
1243175719	84475969	78577714
1243175719	78577714	78184510
1243175739	76021819	82444373
1243175739	76021819	86966349
1243175739	84475969	78577714
1243175739	82444373	86966349
1243175739	78577714	78184510
1243175759	73400398	94175296
1243175759	77267028	75104326
1243175759	77267028	94175296
1243175759	76021819	82444373
1243175759	76021819	86966349
1243175759	84475969	78184510
1243175759	84475969	78577714
1243175779	73400398	94175296
1243175779	76021819	82444373
1243175779	76021819	86966349
1243175779	84475969	78184510
1243175779	84475969	78577714
1243175779	82444373	86966349
1243175779	78577714	78184510
1243175799	73400398	94175296
1243175799	78184510	78577714
1243175819	73400398	94175296
1243175819	78184510	78577714
1243175839	73400398	94175296
1243175859	73400398	94175296
1243175879	73400398	77267028
1243175879	76021819	86966349
1243175899	73400398	77267028
1243175919	73400398	77267028
1243175919	73400398	94175296
1243175919	77267028	94175296
1243175939	73400398	77267028
1243175959	76021819	82444373
1243175959	76021819	86966349
1243175999	74514523	104333375
1243176019	78184510	78577714
1243176019	74514523	104333375
1243176039	74514523	104333375
1243176059	73400398	77267028
1243176079	76021819	86966349
1243176079	74514523	104333375
1243176079	83034198	77463622
1243176099	78184510	78577714
1243176119	74514523	104333375
1243176139	73400398	77267028
1243176139	74514523	104333375
1243176159	73400398	77267028
1243176159	76021819	86966349
1243176159	74514523	104333375
1243176179	73400398	77267028
1243176179	76021819	86966349
1243176179	84475969	78184510
1243176179	84475969	78577714
1243176199	77267028	75104326
1243176199	76021819	86966349
1243176199	84475969	78577714
1243176199	78577714	78184510
1243176199	74514523	104333375
1243176199	75104326	94175296
1243176219	73400398	75104326
1243176219	76021819	86966349
1243176219	84475969	78184510
1243176219	84475969	78577714
1243176219	78577714	78184510
1243176219	74514523	104333375
1243176239	77267028	75104326
1243176239	76021819	82444373
1243176239	76021819	86966349
1243176239	78184510	78577714
1243176239	78577714	84475969
1243176239	74514523	104333375
1243176259	73400398	75104326
1243176259	76021819	82444373
1243176259	84475969	78184510
1243176259	84475969	78577714
1243176259	82444373	86966349
1243176259	78577714	78184510
1243176259	75104326	94175296
1243176279	78184510	84475969
1243176279	78184510	78577714
1243176279	78577714	84475969
1243176299	76021819	82444373
1243176299	78184510	84475969
1243176299	78184510	78577714
1243176299	78577714	84475969
1243176299	74514523	104333375
1243176319	73400398	75104326
1243176319	73400398	94175296
1243176319	76021819	82444373
1243176319	84475969	78184510
1243176319	84475969	78577714
1243176319	78577714	78184510
1243176339	73400398	77267028
1243176339	73400398	94175296
1243176339	77267028	75104326
1243176339	77267028	94175296
1243176339	76021819	82444373
1243176339	78184510	78577714
1243176339	78577714	84475969
1243176339	74514523	104333375
1243176359	76021819	82444373
1243176359	84475969	78184510
1243176359	78577714	78184510
1243176379	76021819	82444373
1243176379	76021819	86966349
1243176379	78184510	84475969
1243176379	78184510	78577714
1243176379	82444373	86966349
1243176379	78577714	84475969
1243176399	76021819	82444373
1243176399	78184510	84475969
1243176399	78184510	78577714
1243176399	78577714	84475969
1243176399	74514523	104333375
1243176419	76021819	86966349
1243176419	78184510	84475969
1243176419	78184510	78577714
1243176419	82444373	86966349
1243176419	78577714	84475969
1243176419	74514523	104333375
1243176439	76021819	82444373
1243176439	78184510	78577714
1243176459	76021819	82444373
1243176459	84475969	78577714
1243176459	82444373	86966349
1243176459	78577714	78184510
1243176479	82444373	86966349
1243176479	75104326	94175296
1243176499	73400398	77267028
1243176499	77267028	75104326
1243176499	82444373	86966349
1243176499	75104326	94175296
1243176519	73400398	77267028
1243176519	77267028	75104326
1243176519	78184510	84475969
1243176519	78184510	78577714
1243176519	82444373	86966349
1243176519	78577714	84475969
1243176519	75104326	94175296
1243176539	78184510	84475969
1243176539	78184510	78577714
1243176539	78577714	84475969
1243176559	78184510	84475969
1243176559	78184510	78577714
1243176559	78577714	84475969
1243176559	74514523	104333375
1243176579	73400398	77267028
1243176579	74514523	104333375
1243176579	74514523	84475969
1243176579	74514523	78577714
1243176579	78184510	84475969
1243176579	78184510	78577714
1243176579	78577714	84475969
1243176599	73400398	77267028
1243176599	77267028	75104326
1243176599	74514523	104333375
1243176599	84475969	78184510
1243176599	84475969	78577714
1243176599	82444373	86966349
1243176599	74121269	99680336
1243176599	74121269	99352628
1243176619	76021819	86966349
1243176619	78184510	84475969
1243176619	99352628	105906222
1243176619	78577714	84475969
1243176639	74514523	104333375
1243176639	78184510	84475969
1243176639	78184510	78577714
1243176639	78577714	84475969
1243176639	105906222	73269312
1243176659	74514523	104333375
1243176659	76021819	82444373
1243176659	84475969	78577714
1243176659	99352628	99680336
1243176659	105906222	73269312
1243176659	75104326	94175296
1243176679	77267028	75104326
1243176679	74514523	104333375
1243176679	84475969	78577714
1243176679	99352628	99680336
1243176679	105906222	73269312
1243176679	99680336	104792150
1243176699	99680336	99352628
1243176699	76021819	82444373
1243176699	84475969	78577714
1243176699	105906222	73269312
1243176719	76021819	105906222
1243176719	76021819	82444373
1243176719	84475969	78577714
1243176719	82444373	86966349
1243176719	74121269	104792150
1243176719	105906222	73269312
1243176739	76021819	82444373
1243176739	76021819	86966349
1243176739	84475969	78577714
1243176739	105906222	86966349
1243176759	76021819	86966349
1243176759	84475969	78577714
1243176759	82444373	99680336
1243176759	82444373	86966349
1243176759	74121269	104792150
1243176759	74121269	86966349
1243176779	76021819	82444373
1243176779	84475969	78577714
1243176779	74121269	86966349
1243176779	74121269	104792150
1243176779	99352628	99680336
1243176799	76021819	86966349
1243176799	101318720	96141381
1243176799	77463622	83034198
1243176799	77463622	104792150
1243176799	78184510	78577714
1243176799	104792150	74121269
1243176799	105906222	73269312
1243176799	99352628	99680336
1243176819	99680336	99352628
1243176819	78184510	78577714
1243176839	73400398	75104326
1243176839	73400398	77267028
1243176839	84475969	78184510
1243176839	84475969	78577714
1243176839	105906222	73269312
1243176839	74514523	104333375
1243176859	84475969	78577714
1243176859	78577714	78184510
1243176859	105906222	73269312
1243176859	83034198	77463622
1243176879	76021819	82444373
1243176879	84475969	78577714
1243176879	105906222	73269312
1243176899	76021819	82444373
1243176899	76021819	86966349
1243176899	84475969	78577714
1243176899	86966349	82444373
1243176899	94175296	75104326
1243176899	94175296	77267028
1243176899	77267028	75104326
1243176899	74514523	104333375
1243176919	76021819	82444373
1243176919	86966349	82444373
1243176919	94175296	75104326
1243176919	94175296	77267028
1243176919	77267028	73400398
1243176919	74514523	104333375
1243176919	105906222	73269312
1243176919	73400398	75104326
1243176939	76021819	82444373
1243176939	76021819	86966349
1243176939	84475969	78577714
1243176939	86966349	82444373
1243176939	94175296	75104326
1243176939	94175296	77267028
1243176939	77267028	75104326
1243176939	105906222	73269312
1243176939	73400398	75104326
1243176959	76021819	82444373
1243176959	76021819	86966349
1243176959	84475969	78577714
1243176959	86966349	82444373
1243176959	94175296	75104326
1243176959	104333375	74514523
1243176959	105906222	73269312
1243176979	76021819	82444373
1243176979	84475969	78577714
1243176979	86966349	82444373
1243176979	74514523	75104326
1243176999	76021819	82444373
1243176999	99680336	99352628
1243177019	76021819	82444373
1243177019	84475969	78577714
1243177019	77267028	75104326
1243177019	99352628	99680336
1243177039	76021819	82444373
1243177039	84475969	78184510
1243177039	77267028	73400398
1243177039	77267028	75104326
1243177039	77267028	94175296
1243177039	94175296	73400398
1243177039	94175296	75104326
1243177039	99680336	99352628
1243177039	78184510	78577714
1243177039	73400398	75104326
1243177039	74317886	74776653
1243177059	84475969	78577714
1243177059	77267028	73400398
1243177059	77267028	75104326
1243177059	74514523	104333375
1243177059	78184510	78577714
1243177059	73400398	75104326
1243177079	84475969	78184510
1243177079	101318720	96141381
1243177079	77463622	83034198
1243177079	77267028	73400398
1243177079	77267028	75104326
1243177079	99680336	99352628
1243177079	73400398	75104326
1243177099	76021819	82444373
1243177099	77267028	73400398
1243177099	77267028	75104326
1243177099	73400398	75104326
1243177099	99352628	99680336
1243177119	76021819	82444373
1243177119	84475969	78184510
1243177119	84475969	78577714
1243177119	77267028	73400398
1243177119	77267028	75104326
1243177119	99680336	99352628
1243177119	78184510	78577714
1243177119	73400398	75104326
1243177139	76021819	82444373
1243177139	84475969	78577714
1243177139	77463622	83034198
1243177139	77267028	73400398
1243177139	77267028	75104326
1243177139	74514523	104333375
1243177139	78184510	78577714
1243177139	73400398	75104326
1243177139	99352628	99680336
1243177159	84475969	78184510
1243177159	84475969	78577714
1243177159	77267028	73400398
1243177159	77267028	75104326
1243177159	104333375	74514523
1243177159	105906222	73269312
1243177159	73400398	75104326
1243177179	73400398	75104326
1243177179	73400398	77267028
1243177179	77267028	75104326
1243177179	74514523	104333375
1243177179	76021819	73269312
1243177179	84475969	78184510
1243177179	84475969	78577714
1243177179	74121269	104792150
1243177179	99352628	99680336
1243177179	105906222	73269312
1243177199	76021819	82444373
1243177199	84475969	78184510
1243177199	84475969	78577714
1243177199	101318720	96141381
1243177199	77267028	73400398
1243177199	77267028	75104326
1243177199	74514523	104333375
1243177199	78184510	78577714
1243177199	73400398	75104326
1243177199	99352628	99680336
1243177219	73400398	75104326
1243177219	99680336	99352628
1243177219	84475969	78184510
1243177219	74317886	74776653
1243177219	74514523	104333375
1243177219	74514523	75104326
1243177219	104333375	75104326
1243177219	86966349	82444373
1243177239	73269312	105906222
1243177239	76021819	82444373
1243177239	76021819	86966349
1243177239	101318720	96141381
1243177239	99352628	99680336
1243177259	99352628	99680336
1243177259	105906222	73269312
1243177279	96141381	101318720
1243177279	99352628	99680336
1243177279	78577714	78184510
1243177279	105906222	73269312
1243177299	96141381	101318720
1243177299	76021819	82444373
1243177299	84475969	78184510
1243177299	99352628	99680336
1243177299	78577714	78184510
1243177319	76021819	82444373
1243177319	76021819	86966349
1243177319	78184510	84475969
1243177319	78184510	78577714
1243177319	99352628	99680336
1243177319	105906222	73269312
1243177339	84475969	78577714
1243177339	99352628	99680336
1243177339	78577714	78184510
1243177339	105906222	73269312
1243177359	84475969	78577714
1243177379	78184510	78577714
1243177379	78577714	84475969
1243177399	84475969	78184510
1243177399	84475969	78577714
1243177399	78577714	78184510
1243177419	84475969	78184510
1243177459	78184510	78577714
1243177459	82444373	86966349
1243177459	74317886	105906222
1243177479	78184510	78577714
1243177499	78184510	78577714
1243177519	99352628	99680336
1243177539	99352628	99680336
1243177539	74317886	74776653
1243177559	78184510	78577714
1243177559	99352628	99680336
1243177579	76021819	82444373
1243177579	78184510	78839885
1243177579	78184510	78577714
1243177579	78577714	78839885
1243177599	76021819	82444373
1243177599	78184510	78577714
1243177619	76021819	82444373
1243177619	78184510	78577714
1243177619	82444373	86966349
1243177639	96141381	101318720
1243177639	78184510	78577714
1243177639	82444373	86966349
1243177639	99352628	99680336
1243177639	74317886	74776653
1243177659	78184510	78577714
1243177659	96141381	101318720
1243177679	96141381	101318720
1243177679	74317886	74776653
1243177679	74317886	73269312
1243177679	74776653	73269312
1243177699	74317886	74776653
1243177699	74317886	73269312
1243177699	74776653	73269312
1243177719	74317886	74776653
1243177719	74317886	73269312
1243177719	74776653	73269312
1243177719	96141381	101318720
1243177739	78184510	78577714
1243177739	74317886	74776653
1243177739	74317886	73269312
1243177739	83034198	77463622
1243177739	73269312	74776653
1243177759	83034198	77463622
1243177759	76021819	82444373
1243177759	74317886	74776653
1243177759	74317886	73269312
1243177759	74776653	73269312
1243177779	78839885	78577714
1243177779	76021819	82444373
1243177779	76021819	86966349
1243177779	74317886	74776653
1243177779	74317886	73269312
1243177779	73269312	74776653
1243177799	83034198	77463622
1243177799	76021819	82444373
1243177799	76021819	86966349
1243177799	74317886	74776653
1243177799	74317886	73269312
1243177799	86966349	82444373
1243177799	73269312	74776653
1243177819	76021819	82444373
1243177819	78184510	78577714
1243177819	82444373	86966349
1243177819	99352628	99680336
1243177819	74317886	74776653
1243177819	74317886	73269312
1243177819	74776653	73269312
1243177839	76021819	82444373
1243177839	76021819	86966349
1243177839	78184510	78577714
1243177839	82444373	86966349
1243177839	99352628	99680336
1243177839	74317886	74776653
1243177839	74317886	73269312
1243177839	74776653	73269312
1243177859	76021819	82444373
1243177859	76021819	86966349
1243177859	78184510	78577714
1243177859	82444373	86966349
1243177859	99352628	99680336
1243177859	74317886	74776653
1243177859	74317886	73269312
1243177859	73269312	74776653
1243177879	78839885	78577714
1243177879	76021819	82444373
1243177879	76021819	86966349
1243177879	82444373	86966349
1243177879	74317886	74776653
1243177879	74317886	73269312
1243177879	74776653	73269312
1243177899	76021819	99352628
1243177899	78184510	78577714
1243177899	82444373	86966349
1243177899	74317886	74776653
1243177899	74317886	73269312
1243177899	73269312	74776653
1243177899	96141381	101318720
1243177919	76021819	86966349
1243177919	101318720	96141381
1243177919	99352628	86966349
1243177919	74317886	74776653
1243177919	74317886	73269312
1243177919	74776653	73269312
1243177939	78184510	78577714
1243177939	99352628	99680336
1243177939	74317886	74776653
1243177939	74317886	73269312
1243177939	74776653	73269312
1243177959	78184510	78577714
1243177959	99352628	99680336
1243177959	74317886	74776653
1243177959	74317886	73269312
1243177959	74776653	73269312
1243177979	78184510	78577714
1243177979	99352628	99680336
1243177979	74317886	74776653
1243177979	74317886	73269312
1243177979	74776653	73269312
1243177999	78839885	78577714
1243177999	78184510	78577714
1243177999	99352628	99680336
1243177999	74317886	74776653
1243177999	74317886	73269312
1243177999	74776653	73269312
1243178019	76021819	86966349
1243178019	78184510	78839885
1243178019	78184510	78577714
1243178019	74317886	74776653
1243178019	74317886	73269312
1243178019	78577714	78839885
1243178019	105906222	73269312
1243178019	74776653	73269312
1243178039	76021819	86966349
1243178039	78184510	78577714
1243178039	74317886	74776653
1243178059	78839885	78577714
1243178059	76021819	86966349
1243178059	78184510	78577714
1243178059	99352628	99680336
1243178059	74317886	74776653
1243178079	76021819	86966349
1243178079	78184510	78577714
1243178079	74317886	74776653
1243178079	78577714	78839885
1243178099	76021819	82444373
1243178099	76021819	86966349
1243178099	78184510	78577714
1243178099	82444373	86966349
1243178119	76021819	86966349
1243178119	78184510	78577714
1243178119	86966349	82444373
1243178139	78184510	78577714
1243178159	78184510	78577714
1243178179	76021819	86966349
1243178179	78184510	78577714
1243178199	76021819	82444373
1243178199	78184510	78577714
1243178219	76021819	86966349
1243178219	78184510	78577714
1243178239	78184510	78577714
1243178239	78577714	78839885
1243178259	78839885	78577714
1243178259	78184510	78577714
1243178279	78839885	78577714
1243178279	78184510	78577714
1243178299	76021819	86966349
1243178299	78184510	78839885
1243178299	78184510	78577714
1243178299	78577714	78839885
1243178319	78839885	78577714
1243178319	78184510	78577714
1243178319	99352628	99680336
1243178319	96141381	101318720
1243178339	78839885	78577714
1243178339	78184510	78577714
1243178339	99352628	99680336
1243178359	78184510	78577714
1243178359	99352628	99680336
1243178359	78577714	78839885
1243178379	83034198	77463622
1243178379	78184510	78577714
1243178379	99352628	99680336
1243178379	78577714	78839885
1243178399	83034198	99352628
1243178399	78184510	78577714
1243178399	101318720	96141381
1243178399	78577714	78839885
1243178419	78184510	78577714
1243178419	78577714	78839885
1243178439	78184510	78577714
1243178439	78577714	78839885
1243178459	78184510	78577714
1243178459	101318720	96141381
1243178459	78577714	78839885
1243178479	78184510	78577714
1243178479	78577714	78839885
1243178499	78184510	78577714
1243178519	78184510	78577714
1243178519	101318720	96141381
1243178519	78577714	78839885
1243178539	78184510	78839885
1243178539	78184510	78577714
1243178539	78577714	78839885
1243178559	78839885	78577714
1243178559	78184510	78577714
1243178579	78184510	78577714
1243178579	78577714	78839885
1243178599	78839885	78577714
1243178599	78184510	78577714
1243178619	78184510	78577714
1243178639	78184510	78577714
1243178639	78577714	78839885
1243178719	78839885	78577714
1243178779	78577714	78839885
1243178799	78577714	78839885
1243178819	78839885	78577714
1243178819	99352628	99680336
1243178839	99352628	99680336
1243178839	83034198	77463622
1243178859	104923218	84410440
1243178859	78839885	78577714
1243178879	99352628	99680336
1243178879	83034198	77463622
1243178899	104923218	99352628
1243178899	78184510	78577714
1243178919	78184510	78577714
1243178919	99352628	99680336
1243178939	104923218	84410440
1243178939	78184510	78577714
1243178939	99352628	99680336
1243178959	103153724	74121270
1243178959	78184510	78577714
1243178959	99352628	99680336
1243178979	104923218	84410440
1243178979	103153724	105906223
1243178979	103153724	74121270
1243178979	74121270	105906223
1243178979	99352628	99680336
1243178999	104923218	84410440
1243178999	103153724	105906223
1243178999	103153724	86573123
1243178999	103153724	74121270
1243178999	78184510	78577714
1243178999	74121270	105906223
1243179019	103153724	105906223
1243179019	103153724	86573123
1243179019	103153724	74121270
1243179019	78184510	78577714
1243179019	74121270	105906223
1243179019	78577714	78839885
1243179039	103153724	105906223
1243179059	103153724	105906223
1243179059	103153724	74121270
1243179059	78184510	78839885
1243179059	74121270	105906223
1243179059	78577714	78839885
1243179079	74121270	105906223
1243179079	78577714	78184510
1243179099	78184510	78577714
1243179099	74121270	105906223
1243179099	83034198	77463622
1243179119	103153724	105906223
1243179119	103153724	86573123
1243179119	78184510	78577714
1243179119	83034198	77463622
1243179139	104923218	104202301
1243179139	103153724	105906223
1243179139	78184510	78577714
1243179139	83034198	77463622
1243179159	104923218	104202301
1243179159	78839885	78577714
1243179159	103153724	105906223
1243179159	103153724	74121270
1243179159	84410440	104202301
1243179159	78184510	78577714
1243179179	104923218	104202301
1243179179	103153724	105906223
1243179179	103153724	74121270
1243179179	78577714	78184510
1243179179	78577714	78839885
1243179199	103153724	105906223
1243179199	103153724	86573123
1243179199	103153724	74121270
1243179199	86573123	105906223
1243179199	74121270	105906223
1243179199	78577714	78184510
1243179219	104923218	77267029
1243179219	78839885	78184510
1243179219	103153724	105906223
1243179219	74121270	105906223
1243179219	78577714	78184510
1243179219	83034198	77463622
1243179239	103153724	105906223
1243179239	84410440	104202301
1243179259	104923218	77267029
1243179259	104923218	104202301
1243179259	103153724	105906223
1243179279	103153724	105906223
1243179299	103153724	105906223
1243179319	104923218	84410440
1243179319	104923218	104202301
1243179319	103153724	105906223
1243179319	83034198	77463622
1243179319	78839885	104792151
1243179339	103153724	105906223
1243179339	103153724	74121270
1243179339	83034198	77463622
1243179339	78577714	78839885
1243179359	83034198	77463622
1243179359	74121270	105906223
1243179359	78577714	78839885
1243179379	74121270	105906223
1243179379	78577714	78839885
1243179399	103153724	105906223
1243179399	86573123	105906223
1243179399	74121270	105906223
1243179399	78577714	78839885
1243179419	104923218	104202301
1243179419	78839885	78577714
1243179419	86573123	74121270
1243179439	104923218	84410440
1243179439	104923218	104202301
1243179439	103153724	105906223
1243179439	74121270	105906223
1243179439	83034198	77463622
1243179459	104923218	84410440
1243179459	103153724	105906223
1243179459	86573123	74121270
1243179459	83034198	77463622
1243179479	78839885	78577714
1243179479	103153724	74121270
1243179499	103153724	74121270
1243179499	74121270	105906223
1243179499	78577714	104202301
1243179499	78839885	104202301
1243179519	104923218	104202301
1243179519	78577714	78839885
1243179519	78577714	104202301
1243179519	78839885	104202301
1243179539	104923218	84410440
1243179539	104923218	104202301
1243179539	78839885	104202301
1243179539	103153724	105906223
1243179539	84410440	104202301
1243179539	74121270	105906223
1243179559	104923218	84410440
1243179559	84410440	104202301
1243179559	74121270	105906223
1243179559	78577714	78839885
1243179579	104923218	84410440
1243179579	103153724	105906223
1243179579	74121270	105906223
1243179579	78577714	78839885
1243179599	104923218	84410440
1243179599	84410440	78839885
1243179599	74121270	105906223
1243179599	78577714	78839885
1243179599	78839885	104202301
1243179619	104923218	84410440
1243179619	78839885	84410440
1243179619	103153724	105906223
1243179619	103153724	74121270
1243179619	86573123	74121270
1243179639	104923218	78839885
1243179639	74121270	105906223
1243179659	104923218	104202301
1243179659	103153724	74121270
1243179659	74121270	105906223
1243179659	78577714	78839885
1243179679	104923218	104202301
1243179679	103153724	105906223
1243179699	104923218	104202301
1243179699	103153724	105906223
1243179719	104923218	104202301
1243179719	103153724	105906223
1243179719	74121270	105906223
1243179739	104923218	104202301
1243179739	83034198	77463622
1243179759	104923218	104202301
1243179759	103153724	105906223
1243179759	74121270	105906223
1243179779	104923218	84410440
1243179779	103153724	105906223
1243179779	84410440	104202301
1243179779	74121270	105906223
1243179799	104923218	84410440
1243179799	103153724	105906223
1243179799	74121270	105906223
1243179819	103153724	105906223
1243179819	103153724	86573123
1243179819	74121270	105906223
1243179839	103153724	86573123
1243179839	74121270	105906223
1243179859	103153724	105906223
1243179859	103153724	86573123
1243179859	103153724	74121270
1243179859	86573123	105906223
1243179859	86573123	74121270
1243179859	74121270	105906223
1243179879	104923218	83034198
1243179879	103153724	105906223
1243179879	103153724	74121270
1243179879	86573123	105906223
1243179879	86573123	74121270
1243179879	74121270	105906223
1243179899	103153724	86573123
1243179899	103153724	74121270
1243179899	86573123	74121270
1243179939	104923218	84410440
1243179939	104923218	83034198
1243179939	104923218	104202301
1243179939	84410440	83034198
1243179939	84410440	104202301
1243179959	104923218	84410440
1243179959	84410440	77463622
1243179979	84410440	104923218
1243179979	84410440	83034198
1243180019	84410440	104923218
1243180019	84410440	104202301
1243180019	104923218	104202301
1243180039	104923218	84410440
1243180059	84410440	104923218
1243180059	104923218	83034198
1243180219	104923218	84410440
1243180239	104923218	104202301
1243180259	104923218	104202301
1243180299	83034198	77463622
1243180299	83034198	104792151
1243180299	77463622	104792151
1243180319	83034198	77463622
1243180319	83034198	104792151
1243180319	77463622	104792151
1243180339	83034198	104792151
1243180339	77463622	104792151
1243180439	104923218	104202301
1243180499	84410440	104923218
1243180539	104923218	104202301
1243180559	84410440	104923218
1243180559	84410440	104202301
1243180559	104923218	104202301
1243180579	84410440	104923218
1243180579	84410440	104202301
1243180579	104923218	104202301
1243180599	84410440	104923218
1243180599	84410440	104202301
1243180599	104923218	104202301
1243180619	84410440	104923218
1243180639	84410440	104923218
